0.285156
0.324219
0.261719
0.775391
0.265625
0.371094
0.500000
0.113281
0.343750
0.101562
0.417969
0.132812
0.347656
0.437500
0.697266
0.626953
0.593750
0.472656
0.529297
0.539062
0.175781
0.714844
0.078125
0.109375
0.277344
0.656250
0.464844
0.226562
0.316406
0.777344
0.292969
0.780273
0.697266
0.214844
0.460938
0.292969
0.646484
0.277344
0.277344
0.386719
0.285156
0.758789
0.140625
0.328125
0.595703
0.125000
0.885742
0.736328
0.775391
0.257812
0.662109
0.265625
0.250000
0.691406
0.656250
0.642578
0.191406
0.838867
0.351562
0.335938
0.140625
0.660156
0.762695
0.410156
0.144531
0.250000
0.386719
0.472656
0.693359
0.460938
0.630859
0.632812
0.722656
0.156250
0.261719
0.480469
0.421875
0.171875
0.222656
0.617188
0.560547
0.801758
0.515625
0.121094
0.398437
0.242187
0.070312
0.144531
0.285156
0.320313
0.324219
0.265625
0.359375
0.488281
0.630859
0.519531
0.207031
0.732422
0.552734
0.476562
0.320313
0.402344
0.246094
0.398437
0.724609
0.500000
0.804688
0.517578
0.763672
0.191406
0.568359
0.500000
0.410156
0.673828
0.359375
0.183594
0.492188
0.492188
0.488281
0.210938
0.179688
0.468750
0.772461
0.574219
0.109375
0.464844
0.269531
0.484375
0.394531
0.289062
0.656250
0.230469
0.355469
0.410156
0.261719
0.222656
0.898926
0.488281
0.632812
0.660156
0.289062
0.398437
0.296875
0.097656
0.195313
0.292969
0.548828
0.390625
0.648438
0.564453
0.292969
0.740234
0.343750
0.636719
0.780273
0.406250
0.887207
0.335938
0.363281
0.437500
0.591797
0.753906
0.582031
0.289062
0.203125
0.764648
0.250000
0.708984
0.750977
0.654297
0.552734
0.821289
0.644531
0.593750
0.355469
0.599609
0.183594
0.343750
0.328125
0.335938
0.402344
0.801758
0.281250
0.328125
0.795898
0.265625
0.905762
0.509766
0.289062
0.136719
0.230469
0.496094
0.253906
0.623047
0.509766
0.332031
0.660156
0.265625
0.918457
0.292969
0.238281
0.292969
0.304688
0.300781
0.292969
0.386719
0.476562
0.766602
0.453125
0.453125
0.191406
0.398437
0.121094
0.316406
0.074219
0.207031
0.433594
0.113281
0.351562
0.183594
0.363281
0.861328
0.269531
0.814453
0.175781
0.433594
0.650391
0.292969
0.281250
0.402344
0.324219
0.742188
0.296875
0.505859
0.623047
0.724609
0.136719
0.541016
0.273438
0.582031
0.472656
0.480469
0.636719
0.316406
0.300781
0.523438
0.308594
0.591797
0.468750
0.363281
0.367188
0.406250
0.246094
0.355469
0.417969
0.760742
0.591797
0.183594
0.770508
0.583984
0.417969
0.210938
0.644531
0.203125
0.257812
0.718750
0.222656
0.691406
0.269531
0.089844
0.720703
0.250000
0.101562
0.662109
0.218750
0.320313
0.503906
0.238281
0.179688
0.728516
0.390625
0.597656
0.332031
0.238281
0.539062
0.523438
0.632812
0.695312
0.773438
0.685547
0.226562
0.753906
0.355469
0.646484
0.218750
0.903320
0.691406
0.449219
0.187500
0.679688
0.730469
0.289062
0.140625
0.759766
0.484375
0.382812
0.328125
0.269531
0.793945
0.558594
0.382812
0.414062
0.652344
0.638672
0.136719
0.831055
0.136719
0.425781
0.277344
0.230469
0.351562
0.238281
0.820313
0.574219
0.332031
0.769531
0.642578
0.289062
0.253906
0.312500
0.187500
0.517578
0.140625
0.324219
0.281250
0.707031
0.375000
0.125000
0.664062
0.501953
0.410156
0.144531
0.191406
0.230469
0.877441
0.421875
0.740234
0.580078
0.218750
0.507812
0.866211
0.453125
0.238281
0.750000
0.583984
0.136719
0.308594
0.580078
0.292969
0.519531
0.535156
0.525391
0.851563
0.548828
0.207031
0.281250
0.199219
0.347656
0.257812
0.720703
0.250000
0.568359
0.621094
0.226562
0.261719
0.546875
0.242187
0.328125
0.281250
0.347656
0.720703
0.152344
0.214844
0.152344
0.304688
0.539062
0.515625
0.562500
0.623047
0.699219
0.273438
0.292969
0.171875
0.210938
0.756836
0.492188
0.328125
0.234375
0.701172
0.285156
0.666016
0.574219
0.371094
0.772461
0.801758
0.281250
0.304688
0.203125
0.242187
0.199219
0.720703
0.601562
0.304688
0.328125
0.640625
0.468750
0.218750
0.445313
0.324219
0.507812
0.457031
0.570313
0.335938
0.578125
0.437500
0.199219
0.681641
0.351562
0.695312
0.277344
0.183594
0.656250
0.660156
0.351562
0.414062
0.261719
0.544922
0.183594
0.728516
0.718750
0.572266
0.501953
0.296875
0.558594
0.460938
0.433594
0.316406
0.187500
0.599609
0.304688
0.238281
0.289062
0.687500
0.300781
0.257812
0.281250
0.406250
0.082031
0.257812
0.722656
0.078125
0.623047
0.414062
0.410156
0.269531
0.805664
0.656250
0.852539
0.728516
0.679688
0.218750
0.766602
0.382812
0.195313
0.425781
0.541016
0.300781
0.449219
0.371094
0.724609
0.457031
0.501953
0.183594
0.218750
0.296875
0.464844
0.564453
0.082031
0.191406
0.308594
0.887207
0.253906
0.246094
0.386719
0.234375
0.449219
0.740234
0.109375
0.238281
0.390625
0.513672
0.726562
0.406250
0.703125
0.195313
0.242187
0.441406
0.476562
0.210938
0.457031
0.343750
0.712891
0.552734
0.375000
0.441406
0.261719
0.646484
0.830078
0.492188
0.417969
0.140625
0.603516
0.343750
0.546875
0.234375
0.257812
0.285156
0.273438
0.207031
0.328125
0.253906
0.890137
0.300781
0.328125
0.795898
0.718750
0.457031
0.433594
0.187500
0.128906
0.179688
0.862305
0.320313
0.339844
0.085938
0.351562
0.335938
0.312500
0.787109
0.457031
0.304688
0.449219
0.460938
0.398437
0.517578
0.891602
0.097656
0.273438
0.556641
0.144531
0.343750
0.203125
0.238281
0.640625
0.807617
0.484375
0.085938
0.289062
0.300781
0.339844
0.464844
0.517578
0.289062
0.816406
0.685547
0.121094
0.203125
0.230469
0.650391
0.203125
0.289062
0.636719
0.304688
0.253906
0.234375
0.277344
0.525391
0.730469
0.468750
0.654297
0.324219
0.191406
0.724609
0.308594
0.210938
0.658203
0.703125
0.679688
0.183594
0.210938
0.776367
0.281250
0.191406
0.320313
0.343750
0.650391
0.214844
0.371094
0.218750
0.246094
0.673828
0.766602
0.324219
0.332031
0.167969
0.300781
0.468750
0.601562
0.316406
0.625000
0.296875
0.492188
0.332031
0.556641
0.375000
0.874023
0.246094
0.343750
0.402344
0.744141
0.736328
0.269531
0.509766
0.363281
0.382812
0.460938
0.257812
0.893066
0.164062
0.257812
0.820313
0.718750
0.382812
0.226562
0.351562
0.210938
0.164062
0.689453
0.347656
0.316406
0.691406
0.191406
0.630859
0.164062
0.117187
0.257812
0.097656
0.509766
0.128906
0.203125
0.363281
0.105469
0.214844
0.722656
0.568359
0.568359
0.417969
0.390625
0.386719
0.332031
0.390625
0.666016
0.082031
0.207031
0.195313
0.261719
0.535156
0.591797
0.152344
0.296875
0.265625
0.261719
0.476562
0.488281
0.593750
0.765625
0.623047
0.529297
0.269531
0.218750
0.355469
0.296875
0.281250
0.269531
0.226562
0.496094
0.558594
0.257812
0.732422
0.755859
0.285156
0.222656
0.730469
0.533203
0.292969
0.167969
0.328125
0.347656
0.230469
0.085938
0.619141
0.167969
0.269531
0.218750
0.803711
0.597656
0.812500
0.300781
0.246094
0.762695
0.464844
0.856445
0.109375
0.671875
0.707031
0.784180
0.632812
0.687500
0.203125
0.136719
0.695312
0.829102
0.191406
0.619141
0.238281
0.437500
0.191406
0.394531
0.799805
0.355469
0.634766
0.769531
0.242187
0.136719
0.527344
0.707031
0.799805
0.531250
0.183594
0.367188
0.281250
0.160156
0.628906
0.289062
0.183594
0.580078
0.675781
0.815430
0.113281
0.113281
0.214844
0.171875
0.425781
0.242187
0.634766
0.509766
0.619141
0.093750
0.854492
0.253906
0.363281
0.815430
0.300781
0.792969
0.386719
0.261719
0.183594
0.500000
0.617188
0.347656
0.500000
0.617188
0.664062
0.308594
0.242187
0.183594
0.599609
0.453125
0.807617
0.599609
0.152344
0.697266
0.234375
0.222656
0.554687
0.363281
0.292969
0.246094
0.546875
0.406250
0.740234
0.210938
0.425781
0.515625
0.712891
0.673828
0.164062
0.367188
0.281250
0.759766
0.265625
0.261719
0.529297
0.218750
0.669922
0.811523
0.105469
0.292969
0.621094
0.261719
0.799805
0.144531
0.324219
0.175781
0.595703
0.681641
0.457031
0.109375
0.214844
0.509766
0.519531
0.821289
0.152344
0.156250
0.517578
0.390625
0.778320
0.128906
0.203125
0.788086
0.410156
0.425781
0.437500
0.445313
0.171875
0.367188
0.222656
0.589844
0.359375
0.736328
0.222656
0.572266
0.748047
0.339844
0.693359
0.242187
0.089844
0.328125
0.183594
0.265625
0.347656
0.650391
0.406250
0.085938
0.281250
0.375000
0.609375
0.650391
0.556641
0.230469
0.646484
0.699219
0.218750
0.269531
0.492188
0.460938
0.261719
0.222656
0.667969
0.623047
0.269531
0.583984
0.121094
0.386719
0.171875
0.732422
0.697266
0.246094
0.791016
0.781250
0.281250
0.805664
0.523438
0.164062
0.421875
0.866211
0.587891
0.210938
0.488281
0.648438
0.281250
0.496094
0.214844
0.328125
0.300781
0.300781
0.273438
0.125000
0.654297
0.312500
0.363281
0.187500
0.359375
0.537109
0.222656
0.328125
0.548828
0.572266
0.265625
0.300781
0.250000
0.746094
0.156250
0.265625
0.664062
0.398437
0.230469
0.359375
0.156250
0.316406
0.234375
0.332031
0.750000
0.230469
0.238281
0.742188
0.242187
0.378906
0.281250
0.304688
0.570313
0.574219
0.732422
0.796875
0.770508
0.460938
0.246094
0.121094
0.171875
0.703125
0.269531
0.660156
0.230469
0.117187
0.210938
0.724609
0.634766
0.148438
0.675781
0.121094
0.191406
0.716797
0.179688
0.541016
0.669922
0.335938
0.695312
0.070312
0.246094
0.339844
0.257812
0.203125
0.472656
0.798828
0.281250
0.382812
0.093750
0.230469
0.253906
0.476562
0.171875
0.406250
0.630859
0.300781
0.128906
0.728516
0.488281
0.140625
0.695312
0.597656
0.394531
0.636719
0.242187
0.335938
0.371094
0.523438
0.539062
0.179688
0.082031
0.335938
0.544922
0.402344
0.677734
0.812500
0.125000
0.367188
0.343750
0.429688
0.800781
0.218750
0.773438
0.640625
0.136719
0.603733
0.601562
0.339844
0.324219
0.234375
0.378906
0.183594
0.289062
0.351562
0.445313
0.367188
0.238281
0.897461
0.375000
0.548828
0.720703
0.351562
0.662109
0.523438
0.367188
0.744141
0.152344
0.191406
0.517578
0.437500
0.707031
0.537109
0.316406
0.316406
0.281250
0.304688
0.308594
0.511719
0.519531
0.289062
0.218750
0.304688
0.613281
0.603516
0.402344
0.199219
0.718750
0.521484
0.281250
0.144531
0.492188
0.619141
0.324219
0.296875
0.308594
0.697266
0.825195
0.488281
0.689453
0.746094
0.203125
0.285156
0.722656
0.457031
0.784180
0.175781
0.791992
0.199219
0.132812
0.695312
0.273438
0.203125
0.261719
0.492188
0.457031
0.748047
0.830078
0.621094
0.611328
0.669922
0.410156
0.199219
0.257812
0.343750
0.226562
0.167969
0.343750
0.705078
0.601562
0.074219
0.238281
0.421875
0.570313
0.218750
0.552734
0.595703
0.082031
0.238281
0.587891
0.269531
0.714844
0.542969
0.246094
0.533203
0.222656
0.226562
0.734375
0.308594
0.675781
0.763672
0.085938
0.394531
0.833659
0.605469
0.238715
0.787109
0.370660
0.343750
0.313368
0.707248
0.760851
0.203125
0.800890
0.511936
0.278212
0.655382
0.328125
0.713325
0.257812
0.610460
0.873589
0.529948
0.463976
0.312934
0.269965
0.719401
0.730469
0.606988
0.285590
0.795898
0.438802
0.253906
0.471788
0.269965
0.525391
0.218750
0.817383
0.740234
0.304688
0.580078
0.234375
0.148438
0.492188
0.648438
0.273438
0.634766
0.265625
0.300781
0.289497
0.367188
0.394531
0.738281
0.328125
0.273438
0.335938
0.324219
0.445313
0.257812
0.699219
0.640625
0.289062
0.582031
0.343750
0.630859
0.484375
0.308594
0.261719
0.281250
0.500000
0.683594
0.253906
0.691406
0.289062
0.433594
0.296875
0.856445
0.343750
0.410156
0.572266
0.815321
0.406684
0.238281
0.269531
0.121094
0.304688
0.253906
0.521484
0.707031
0.328125
0.171875
0.296875
0.652344
0.207031
0.226562
0.328125
0.339844
0.218750
0.226562
0.218750
0.507812
0.351562
0.359375
0.507812
0.402344
0.685547
0.875977
0.535156
0.218750
0.164062
0.234375
0.093750
0.398437
0.191406
0.156250
0.619141
0.281250
0.414062
0.132812
0.796875
0.148438
0.585938
0.316406
0.398437
0.273438
0.125000
0.386719
0.183594
0.335938
0.460938
0.570313
0.152344
0.257812
0.218750
0.246094
0.300781
0.866211
0.414062
0.541016
0.218750
0.776367
0.367188
0.304688
0.617188
0.605469
0.562500
0.355469
0.351562
0.523438
0.359375
0.802734
0.433594
0.716797
0.468750
0.277344
0.304253
0.269531
0.281250
0.128906
0.589844
0.406684
0.414062
0.548828
0.332031
0.175781
0.615234
0.714627
0.664062
0.214410
0.760742
0.183594
0.778320
0.191406
0.308594
0.234375
0.230469
0.714844
0.363281
0.437500
0.441406
0.105469
0.242187
0.758789
0.488281
0.572266
0.160156
0.500000
0.164062
0.693359
0.417969
0.410156
0.273438
0.552734
0.261719
0.562500
0.683594
0.121094
0.437500
0.089844
0.730469
0.453125
0.285156
0.544922
0.273438
0.207031
0.238281
0.542969
0.453125
0.136719
0.615234
0.179688
0.332031
0.242187
0.394531
0.257812
0.074219
0.242187
0.541016
0.078125
0.480469
0.527344
0.234375
0.242187
0.230469
0.253906
0.782227
0.273438
0.687500
0.253906
0.664062
0.671875
0.261719
0.199219
0.507812
0.261719
0.386719
0.292969
0.500000
0.375000
0.207031
0.238281
0.558594
0.218750
0.750000
0.457031
0.574219
0.203125
0.261719
0.304688
0.761719
0.480469
0.386719
0.574219
0.292969
0.296875
0.492188
0.097656
0.261719
0.468750
0.708984
0.679688
0.308594
0.472656
0.289062
0.531250
0.656250
0.156250
0.250000
0.203125
0.347656
0.738281
0.817383
0.343750
0.246094
0.234375
0.496094
0.634766
0.394531
0.093750
0.607422
0.285156
0.693359
0.273438
0.257812
0.285156
0.492188
0.394531
0.281250
0.328125
0.320313
0.521484
0.273438
0.523438
0.742188
0.533203
0.257812
0.748047
0.320313
0.793945
0.304688
0.324219
0.867187
0.496094
0.218750
0.304688
0.807617
0.529297
0.214844
0.222656
0.324219
0.332031
0.390625
0.277344
0.339844
0.296875
0.296875
0.339844
0.347656
0.732422
0.363281
0.367188
0.515625
0.308594
0.580078
0.242187
0.246094
0.214844
0.148438
0.214844
0.687500
0.636502
0.699219
0.363281
0.410156
0.242187
0.335938
0.708984
0.199219
0.281250
0.195313
0.179688
0.574219
0.650391
0.367188
0.771484
0.328125
0.580078
0.246094
0.728516
0.630859
0.316406
0.226562
0.273438
0.347656
0.195313
0.257812
0.685547
0.343750
0.433594
0.179688
0.609592
0.728516
0.570530
0.230469
0.773438
0.757812
0.449219
0.472656
0.386719
0.160156
0.371094
0.632812
0.199219
0.658203
0.417969
0.117187
0.537109
0.253906
0.187500
0.667969
0.654297
0.414062
0.355469
0.246094
0.764648
0.343750
0.316406
0.454861
0.437066
0.304688
0.171875
0.346788
0.476562
0.327691
0.234375
0.160156
0.308594
0.121528
0.230469
0.460938
0.210938
0.351562
0.646484
0.752930
0.434028
0.269965
0.316406
0.210938
0.234375
0.437500
0.296875
0.780273
0.488281
0.335938
0.222656
0.496094
0.128906
0.261719
0.191406
0.257378
0.542969
0.289062
0.355469
0.378906
0.246094
0.257812
0.203125
0.125000
0.429688
0.433594
0.296875
0.246094
0.449219
0.347656
0.226562
0.394531
0.566406
0.580078
0.242187
0.183594
0.230469
0.488281
0.664062
0.164062
0.511719
0.179688
0.546875
0.214844
0.900391
0.578125
0.740234
0.125000
0.253906
0.328125
0.378906
0.484375
0.140625
0.671875
0.351562
0.626953
0.324219
0.300781
0.417969
0.640625
0.726562
0.246094
0.488281
0.125000
0.218750
0.222656
0.472656
0.382812
0.897461
0.457031
0.398437
0.720703
0.218750
0.312500
0.308594
0.693359
0.371094
0.564453
0.546875
0.705078
0.214844
0.693359
0.601562
0.658203
0.449219
0.332031
0.152344
0.697266
0.650391
0.210938
0.316406
0.265625
0.650391
0.496094
0.242187
0.210938
0.289062
0.117187
0.748047
0.285156
0.525391
0.292969
0.541016
0.214844
0.480469
0.394531
0.242187
0.222656
0.708984
0.492188
0.634766
0.140625
0.461806
0.284722
0.339410
0.788303
0.466146
0.276910
0.572700
0.214844
0.246094
0.666016
0.355469
0.203125
0.292969
0.238281
0.250000
0.654297
0.113281
0.222656
0.316406
0.339844
0.783203
0.736328
0.312500
0.697266
0.398437
0.296875
0.214844
0.488281
0.707031
0.265625
0.214844
0.293837
0.722005
0.591363
0.313368
0.144531
0.493056
0.448351
0.754340
0.203125
0.574219
0.587891
0.199219
0.359375
0.689453
0.529297
0.817383
0.269531
0.386719
0.644531
0.203125
0.503906
0.218750
0.257812
0.285156
0.093750
0.242187
0.378906
0.226562
0.277344
0.511719
0.667969
0.375000
0.595703
0.156250
0.195313
0.669922
0.772461
0.636719
0.552734
0.394531
0.132812
0.355469
0.074219
0.253906
0.626953
0.501953
0.210938
0.085938
0.261719
0.218750
0.273438
0.230469
0.441406
0.289062
0.679688
0.642578
0.273438
0.363281
0.269531
0.238281
0.484375
0.359375
0.623047
0.261719
0.246094
0.218750
0.222656
0.304688
0.214844
0.320313
0.517795
0.332031
0.269097
0.289062
0.277344
0.706597
0.771484
0.381944
0.098090
0.182726
0.371094
0.774306
0.242187
0.378906
0.328559
0.896322
0.360677
0.265625
0.297743
0.402344
0.089844
0.694010
0.269531
0.841580
0.477431
0.157986
0.226562
0.572266
0.656250
0.468750
0.730469
0.238281
0.599609
0.359375
0.501953
0.356771
0.442274
0.649957
0.546224
0.312934
0.277344
0.437934
0.584418
0.483073
0.191406
0.230903
0.338976
0.238281
0.746311
0.371094
0.257812
0.479601
0.355469
0.415365
0.905056
0.246094
0.638455
0.732205
0.834961
0.480469
0.281250
0.654297
0.234375
0.292535
0.273438
0.429688
0.179688
0.289062
0.646484
0.187500
0.367188
0.117187
0.398437
0.250000
0.214844
0.328125
0.261719
0.453125
0.171875
0.226562
0.847656
0.105469
0.492188
0.660156
0.568359
0.363281
0.533203
0.105469
0.289062
0.410156
0.117187
0.625000
0.324219
0.752930
0.742188
0.710938
0.078125
0.191406
0.640625
0.238281
0.359375
0.203125
0.593750
0.578125
0.265625
0.675781
0.363281
0.199219
0.210938
0.562500
0.156250
0.650391
0.695312
0.650391
0.386719
0.691406
0.164062
0.691406
0.628906
0.421875
0.265625
0.537109
0.666016
0.339844
0.449219
0.253906
0.277344
0.300781
0.324219
0.292969
0.533203
0.261719
0.121094
0.308594
0.634766
0.152344
0.179688
0.355469
0.445313
0.671875
0.437500
0.320313
0.207031
0.390625
0.261719
0.582031
0.566406
0.406250
0.769531
0.199219
0.394531
0.312500
0.343750
0.199219
0.296875
0.199219
0.304688
0.595703
0.636502
0.433594
0.460938
0.363281
0.246094
0.277344
0.183594
0.218750
0.273438
0.406250
0.125000
0.445313
0.316406
0.386719
0.457031
0.230469
0.417969
0.250000
0.335938
0.191406
0.250000
0.484375
0.574219
0.460938
0.740234
0.316406
0.492188
0.230469
0.304688
0.238281
0.662109
0.746094
0.683594
0.308594
0.476562
0.289062
0.925293
0.402344
0.634766
0.261719
0.261719
0.687500
0.246094
0.070312
0.246094
0.359375
0.328125
0.410156
0.253906
0.273438
0.148438
0.152344
0.615234
0.140625
0.460938
0.171875
0.371094
0.183594
0.273438
0.175781
0.265625
0.371094
0.628906
0.316406
0.363715
0.296875
0.480469
0.363281
0.113281
0.242187
0.085938
0.226562
0.652344
0.187500
0.761719
0.351562
0.496094
0.410156
0.210938
0.642578
0.281250
0.132812
0.324219
0.226562
0.230469
0.720703
0.525391
0.300781
0.230469
0.587891
0.720703
0.222656
0.175781
0.385851
0.171875
0.335503
0.273438
0.787109
0.125434
0.435764
0.414931
0.855469
0.222222
0.375434
0.231337
0.799371
0.245660
0.342448
0.617188
0.261719
0.535156
0.218750
0.203125
0.390625
0.300781
0.781250
0.218750
0.546875
0.628906
0.339844
0.234375
0.664062
0.144531
0.335938
0.410156
0.335938
0.335938
0.171875
0.791016
0.218750
0.144531
0.689453
0.257812
0.437500
0.113281
0.780273
0.378906
0.472656
0.304688
0.132812
0.810547
0.712891
0.140625
0.375000
0.269531
0.472656
0.425781
0.187500
0.351562
0.218750
0.101562
0.556641
0.308594
0.218750
0.363281
0.664062
0.269531
0.492188
0.218750
0.503906
0.807617
0.335938
0.277344
0.707031
0.300781
0.300781
0.716797
0.652344
0.756836
0.786133
0.101562
0.253906
0.242187
0.085938
0.230469
0.335938
0.666016
0.296875
0.148438
0.521484
0.425781
0.273438
0.578125
0.378906
0.453125
0.320313
0.531250
0.210938
0.382812
0.257812
0.312500
0.425781
0.414062
0.433594
0.484375
0.246094
0.712891
0.576172
0.343750
0.320313
0.304688
0.417969
0.250000
0.468750
0.304688
0.429688
0.261719
0.705078
0.712891
0.152344
0.210938
0.515625
0.246094
0.183594
0.203125
0.289062
0.515625
0.097656
0.261719
0.607422
0.292969
0.304688
0.125000
0.730469
0.268663
0.464844
0.570313
0.210938
0.529297
0.766602
0.277344
0.281250
0.183594
0.218750
0.191406
0.736328
0.292969
0.257812
0.402344
0.802734
0.281250
0.593750
0.332031
0.113281
0.136719
0.464844
0.246094
0.503906
0.597656
0.710938
0.210938
0.716797
0.139757
0.332899
0.371094
0.527344
0.238281
0.304688
0.355469
0.710938
0.687500
0.347656
0.289062
0.812500
0.550781
0.175781
0.764648
0.513672
0.564453
0.402344
0.593750
0.441406
0.445313
0.335938
0.572266
0.724609
0.433594
0.148438
0.292969
0.558594
0.476562
0.646484
0.160156
0.273438
0.343750
0.304688
0.277344
0.253906
0.253906
0.382812
0.660156
0.457031
0.253906
0.191406
0.784180
0.218750
0.335938
0.363281
0.296875
0.125000
0.472656
0.222656
0.199219
0.818359
0.880859
0.128906
0.623047
0.599609
0.242187
0.468750
0.250000
0.242187
0.230469
0.730469
0.529297
0.402344
0.689453
0.164062
0.222656
0.246094
0.572266
0.339844
0.351562
0.148438
0.304688
0.175781
0.398437
0.210938
0.732422
0.261719
0.332031
0.585938
0.273438
0.585938
0.242187
0.292969
0.328125
0.335938
0.265625
0.343750
0.238281
0.603516
0.492188
0.179688
0.238281
0.277344
0.591797
0.429688
0.316406
0.724609
0.218750
0.261719
0.585938
0.325087
0.304688
0.210938
0.806641
0.509766
0.187500
0.222656
0.671875
0.339844
0.238281
0.582031
0.437500
0.320313
0.214844
0.218750
0.560547
0.312500
0.347656
0.784180
0.748047
0.644531
0.754883
0.359375
0.285156
0.160156
0.113281
0.117187
0.214844
0.191406
0.764648
0.666016
0.230469
0.568359
0.078125
0.085938
0.191406
0.109375
0.343750
0.265625
0.656250
0.484375
0.621094
0.285156
0.207031
0.199219
0.769531
0.191406
0.769531
0.203125
0.191406
0.300781
0.226562
0.472656
0.261719
0.152344
0.402344
0.312500
0.410156
0.097656
0.243924
0.869466
0.291233
0.646918
0.615885
0.167101
0.129774
0.405816
0.722656
0.417969
0.281250
0.705078
0.175781
0.089844
0.304688
0.246094
0.328125
0.285156
0.535156
0.269531
0.339844
0.218750
0.527344
0.371094
0.097656
0.777344
0.445313
0.548828
0.195313
0.437500
0.740234
0.238281
0.703993
0.234375
0.297743
0.381944
0.644531
0.683594
0.250000
0.427951
0.191406
0.281250
0.332031
0.203125
0.277344
0.277344
0.066406
0.203125
0.273438
0.758789
0.097656
0.246094
0.289062
0.246094
0.285156
0.207031
0.085938
0.300781
0.308594
0.316406
0.234375
0.583984
0.218750
0.320313
0.296875
0.429688
0.585938
0.417969
0.136719
0.351562
0.332031
0.285156
0.533203
0.728516
0.634766
0.097656
0.480469
0.644531
0.218750
0.261719
0.230469
0.716797
0.410156
0.806641
0.195313
0.250000
0.660156
0.687500
0.339844
0.646484
0.492188
0.082031
0.261719
0.556641
0.242187
0.148438
0.285156
0.347656
0.550781
0.414062
0.457031
0.210938
0.755859
0.281250
0.164062
0.113281
0.390625
0.615234
0.371094
0.230469
0.638672
0.207031
0.500000
0.121094
0.583984
0.296875
0.656250
0.328125
0.320313
0.257812
0.339844
0.513672
0.292969
0.371094
0.113281
0.285156
0.825195
0.615234
0.292969
0.503906
0.386719
0.464844
0.500000
0.378906
0.533203
0.636719
0.175781
0.281250
0.646484
0.488281
0.417969
0.234375
0.548828
0.666016
0.324219
0.449219
0.164062
0.390625
0.281250
0.453125
0.798828
0.441406
0.560547
0.371094
0.441406
0.503906
0.246094
0.277344
0.289062
0.726562
0.242187
0.074219
0.343750
0.673828
0.810547
0.576172
0.697266
0.355469
0.533203
0.359375
0.460938
0.203125
0.171875
0.626953
0.304688
0.367188
0.398437
0.746094
0.558594
0.591797
0.425781
0.689453
0.683594
0.339844
0.316406
0.445313
0.238281
0.125000
0.125000
0.289062
0.222656
0.703125
0.771484
0.662109
0.367188
0.347656
0.203125
0.105469
0.265625
0.730469
0.257812
0.611328
0.199219
0.210938
0.144531
0.453125
0.607422
0.300781
0.527344
0.226562
0.632812
0.644531
0.671875
0.144531
0.640625
0.234375
0.199219
0.238281
0.453125
0.695312
0.363281
0.332031
0.429688
0.697266
0.144531
0.273438
0.441406
0.742188
0.179688
0.195313
0.281250
0.687500
0.308594
0.210938
0.199219
0.218750
0.316406
0.210938
0.113281
0.289062
0.808594
0.541016
0.406250
0.750977
0.230469
0.207031
0.691406
0.406250
0.250000
0.347656
0.222656
0.269531
0.371094
0.285156
0.460938
0.156250
0.269531
0.156250
0.367188
0.214844
0.273438
0.214844
0.515625
0.250000
0.168837
0.331163
0.666450
0.637370
0.612847
0.118056
0.218750
0.344618
0.269531
0.678168
0.557292
0.226562
0.492622
0.324219
0.238281
0.155382
0.398437
0.154514
0.263455
0.396267
0.289062
0.333333
0.429688
0.253906
0.574219
0.304688
0.488281
0.718750
0.183594
0.308594
0.210938
0.246094
0.273438
0.488281
0.167969
0.238281
0.300781
0.242187
0.685547
0.558594
0.351562
0.410156
0.339844
0.586372
0.539062
0.750977
0.795898
0.167969
0.289062
0.556641
0.316406
0.308594
0.728516
0.289062
0.230469
0.351562
0.129774
0.088976
0.198351
0.236979
0.319444
0.394965
0.706163
0.553385
0.226562
0.410156
0.669922
0.780273
0.613281
0.230469
0.199219
0.230469
0.296875
0.542969
0.335938
0.683594
0.796875
0.121094
0.855469
0.214844
0.654297
0.128906
0.414062
0.308594
0.556641
0.476562
0.277344
0.070312
0.199219
0.371094
0.726562
0.429688
0.343750
0.292969
0.144531
0.445313
0.714844
0.363281
0.726562
0.175781
0.183594
0.511719
0.736328
0.613281
0.183594
0.638672
0.515625
0.226562
0.148438
0.407118
0.304688
0.191406
0.351562
0.261719
0.708984
0.296875
0.167969
0.285156
0.771484
0.367188
0.402344
0.591797
0.195313
0.710938
0.513672
0.171875
0.187500
0.351562
0.335069
0.417969
0.626953
0.289062
0.105469
0.414062
0.246094
0.644531
0.175781
0.175781
0.210938
0.638672
0.878418
0.187500
0.143663
0.300781
0.285156
0.261719
0.583984
0.136719
0.405382
0.273438
0.304688
0.488281
0.300781
0.300781
0.289062
0.791992
0.417969
0.277344
0.140625
0.464844
0.371094
0.316406
0.517578
0.183594
0.410156
0.626953
0.324219
0.445313
0.296875
0.191406
0.261719
0.082031
0.805664
0.480469
0.250000
0.768555
0.378906
0.488281
0.218750
0.515625
0.582031
0.410156
0.281250
0.253906
0.526259
0.684245
0.385851
0.139757
0.203125
0.210938
0.203125
0.232639
0.328125
0.492188
0.457031
0.179688
0.615234
0.156250
0.484375
0.445313
0.234375
0.238281
0.371094
0.476562
0.214844
0.339844
0.128906
0.675781
0.140625
0.406250
0.728516
0.449219
0.265625
0.191406
0.363281
0.199219
0.753906
0.218750
0.611328
0.363281
0.218750
0.207031
0.367188
0.576172
0.695312
0.433594
0.425781
0.687500
0.662109
0.339844
0.802734
0.754883
0.509766
0.552734
0.203125
0.671875
0.351562
0.650391
0.160156
0.269531
0.521484
0.375000
0.312500
0.351562
0.242187
0.472656
0.300781
0.503906
0.352865
0.906901
0.261719
0.265625
0.603082
0.364149
0.601562
0.328993
0.105469
0.195313
0.425781
0.658203
0.744141
0.449219
0.296875
0.640625
0.394531
0.525391
0.320313
0.144531
0.304688
0.398437
0.207031
0.425781
0.351562
0.085938
0.347656
0.285156
0.082031
0.730469
0.562500
0.650391
0.765951
0.218750
0.518446
0.671224
0.210503
0.153212
0.207031
0.767578
0.343750
0.343750
0.218750
0.246094
0.378906
0.281250
0.226562
0.324219
0.578125
0.097656
0.296875
0.195313
0.691406
0.708984
0.533203
0.246094
0.132812
0.667969
0.195313
0.576172
0.425781
0.253906
0.242187
0.398437
0.526042
0.320313
0.335069
0.707031
0.238281
0.766168
0.243056
0.477865
0.402344
0.646484
0.773438
0.742188
0.230469
0.453125
0.218750
0.417969
0.324219
0.175781
0.218750
0.535156
0.394531
0.289062
0.640625
0.160156
0.429688
0.261719
0.554687
0.101562
0.548828
0.509766
0.296875
0.214844
0.230469
0.289062
0.654297
0.367188
0.273438
0.626953
0.308594
0.644965
0.695312
0.109375
0.390625
0.335938
0.152344
0.218750
0.113281
0.421875
0.619141
0.492188
0.226562
0.560547
0.531250
0.339844
0.339844
0.308594
0.257812
0.210938
0.382812
0.300781
0.523438
0.728516
0.203125
0.113281
0.707031
0.343750
0.183594
0.699219
0.414062
0.281250
0.265625
0.285156
0.621094
0.636719
0.195313
0.656250
0.339844
0.242187
0.879883
0.144531
0.646484
0.759766
0.414062
0.492188
0.140625
0.281250
0.156250
0.152344
0.281250
0.191406
0.230469
0.226562
0.687500
0.359375
0.171875
0.359375
0.295573
0.253906
0.217448
0.203125
0.248698
0.134115
0.436198
0.279948
0.203125
0.218750
0.297309
0.265625
0.324653
0.467448
0.152344
0.359375
0.550564
0.431424
0.529514
0.707031
0.627170
0.308160
0.237847
0.720486
0.269531
0.269531
0.277344
0.507812
0.648438
0.789062
0.222656
0.230469
0.751628
0.270833
0.250000
0.670573
0.822266
0.329427
0.451823
0.662760
0.550781
0.234375
0.421875
0.191406
0.464844
0.758789
0.386719
0.328125
0.640625
0.347656
0.191406
0.644531
0.207031
0.484375
0.572266
0.281250
0.468750
0.261719
0.449219
0.246094
0.148438
0.359375
0.531250
0.250000
0.238281
0.085938
0.273438
0.730469
0.257812
0.347656
0.449219
0.145833
0.849609
0.320313
0.691406
0.476562
0.214844
0.335938
0.140625
0.148438
0.285156
0.501953
0.261719
0.777344
0.359375
0.628906
0.117187
0.578125
0.085938
0.230469
0.339844
0.246094
0.347656
0.238281
0.300781
0.304688
0.347656
0.748698
0.510417
0.742188
0.319010
0.250000
0.612630
0.625000
0.269531
0.550781
0.828125
0.460938
0.785156
0.160156
0.277344
0.531250
0.801758
0.359375
0.273438
0.390625
0.371094
0.167969
0.472656
0.515625
0.437500
0.250000
0.242187
0.619141
0.347656
0.210938
0.476562
0.382812
0.549479
0.823893
0.259115
0.295573
0.429688
0.610677
0.529297
0.270833
0.136719
0.626953
0.574219
0.599609
0.296875
0.089844
0.281250
0.261719
0.756836
0.152344
0.687500
0.273438
0.378906
0.371094
0.316406
0.144531
0.132812
0.148438
0.425781
0.132812
0.675781
0.292969
0.750000
0.617188
0.070312
0.105469
0.460938
0.328125
0.269531
0.583984
0.609375
0.113281
0.468750
0.476562
0.464844
0.132812
0.214844
0.125000
0.371094
0.179688
0.203125
0.285156
0.445313
0.289062
0.468750
0.230469
0.281250
0.269531
0.546875
0.542969
0.312500
0.121094
0.218750
0.746094
0.316406
0.093750
0.708984
0.685547
0.701172
0.445313
0.140625
0.140625
0.277344
0.179688
0.710938
0.328125
0.214844
0.513672
0.304688
0.582031
0.300781
0.770508
0.296875
0.246094
0.093750
0.744141
0.250000
0.640625
0.410156
0.273438
0.718750
0.109375
0.250000
0.257812
0.406250
0.148438
0.253906
0.558594
0.187500
0.136719
0.582031
0.732422
0.273438
0.234375
0.709635
0.552734
0.289062
0.085938
0.285156
0.226562
0.289062
0.207031
0.226562
0.623047
0.074219
0.218750
0.722656
0.689453
0.703125
0.218750
0.564453
0.675781
0.888672
0.476562
0.261719
0.089844
0.359375
0.300781
0.505859
0.253906
0.250000
0.599609
0.226562
0.756836
0.363281
0.691406
0.367188
0.203125
0.238281
0.355469
0.109375
0.265625
0.246094
0.218750
0.292969
0.128906
0.562500
0.316406
0.814453
0.265625
0.125000
0.074219
0.207031
0.367188
0.281250
0.304688
0.210938
0.269531
0.552734
0.289062
0.171875
0.355469
0.246094
0.281250
0.300781
0.289062
0.519531
0.222656
0.207031
0.572266
0.689453
0.210938
0.218750
0.726562
0.203125
0.105469
0.755208
0.378906
0.273438
0.253906
0.619141
0.222656
0.460938
0.574219
0.273438
0.265625
0.218750
0.066406
0.734375
0.445313
0.238281
0.222656
0.132812
0.533203
0.246094
0.572266
0.273438
0.304688
0.136719
0.136719
0.253906
0.421875
0.472656
0.829102
0.238281
0.226562
0.601562
0.273438
0.269531
0.371094
0.230469
0.195313
0.320313
0.191406
0.539062
0.324219
0.191406
0.304688
0.410156
0.355469
0.363281
0.500000
0.833984
0.332031
0.617188
0.562500
0.332031
0.203125
0.382812
0.791992
0.716797
0.187500
0.250000
0.304688
0.289062
0.277344
0.320313
0.753906
0.257812
0.304688
0.650391
0.378906
0.292969
0.222656
0.541016
0.230469
0.460938
0.316406
0.179688
0.386719
0.417969
0.148438
0.599609
0.261719
0.492188
0.269531
0.222656
0.402344
0.707031
0.316406
0.363281
0.414062
0.308594
0.238281
0.554687
0.699219
0.320313
0.562500
0.595703
0.468750
0.300781
0.097656
0.281250
0.316406
0.355469
0.597656
0.859375
0.732422
0.355469
0.681641
0.296875
0.218750
0.601562
0.195313
0.312500
0.332031
0.580078
0.429688
0.359375
0.740234
0.210938
0.537109
0.515625
0.854492
0.632812
0.269531
0.429688
0.281250
0.265625
0.214844
0.417969
0.339844
0.285156
0.187500
0.167969
0.758789
0.703125
0.685547
0.246094
0.406250
0.261719
0.484375
0.273438
0.085938
0.195313
0.710938
0.437500
0.285156
0.437500
0.441406
0.347656
0.625000
0.802734
0.191406
0.378906
0.292969
0.807617
0.335938
0.210938
0.328125
0.214844
0.238281
0.457031
0.269531
0.273438
0.156250
0.650391
0.441406
0.210938
0.238281
0.681641
0.238281
0.527344
0.121094
0.238281
0.210938
0.265625
0.296875
0.093750
0.848633
0.683594
0.363281
0.089844
0.269531
0.577474
0.285156
0.554036
0.479167
0.277344
0.384115
0.171875
0.286458
0.441406
0.347656
0.152344
0.214844
0.654297
0.160156
0.109375
0.811523
0.136719
0.363281
0.496094
0.300781
0.576172
0.156250
0.679688
0.300781
0.484375
0.445313
0.375000
0.386719
0.230469
0.273438
0.572266
0.121094
0.620443
0.467448
0.242187
0.466146
0.446615
0.183594
0.234375
0.102865
0.445313
0.705078
0.414062
0.218750
0.726562
0.429688
0.222656
0.355469
0.464844
0.472656
0.807617
0.085938
0.773438
0.265625
0.421875
0.488281
0.152344
0.652344
0.273438
0.164062
0.339844
0.195313
0.457031
0.218750
0.693359
0.210938
0.234375
0.367188
0.679688
0.587891
0.500000
0.789062
0.179688
0.878906
0.646484
0.125000
0.562500
0.523438
0.406250
0.634766
0.238281
0.269531
0.359375
0.218750
0.257812
0.363281
0.763672
0.751953
0.343750
0.203125
0.222656
0.226562
0.242187
0.214844
0.140625
0.750000
0.727865
0.156250
0.307292
0.750977
0.145833
0.328125
0.390625
0.343750
0.328125
0.234375
0.070312
0.277344
0.638672
0.632812
0.304688
0.285156
0.695312
0.238281
0.460938
0.339844
0.476562
0.175781
0.238281
0.587891
0.304688
0.691406
0.144531
0.429688
0.406250
0.347656
0.269531
0.355469
0.210938
0.688802
0.373698
0.149740
0.263021
0.703776
0.173177
0.285156
0.289062
0.351562
0.570313
0.562500
0.183594
0.234375
0.375000
0.183594
0.308594
0.289062
0.517578
0.179688
0.679688
0.425781
0.476562
0.277344
0.339844
0.500000
0.806641
0.234375
0.865234
0.253906
0.289062
0.238281
0.246094
0.261719
0.845703
0.210938
0.609375
0.337240
0.394531
0.261719
0.308594
0.222656
0.300781
0.324219
0.203125
0.699219
0.343750
0.371094
0.732422
0.277344
0.113281
0.445313
0.824219
0.218750
0.537109
0.484375
0.082031
0.601562
0.646484
0.558594
0.203125
0.234375
0.285156
0.642578
0.281250
0.693359
0.332031
0.316406
0.152344
0.230469
0.289062
0.402344
0.332031
0.207031
0.736328
0.191406
0.304688
0.632812
0.226562
0.371094
0.183594
0.292969
0.414062
0.677734
0.720703
0.218750
0.312500
0.250000
0.851563
0.753906
0.394531
0.593750
0.246094
0.117187
0.363281
0.343750
0.343750
0.453125
0.546875
0.187500
0.460938
0.613281
0.819661
0.204427
0.367188
0.640625
0.101562
0.078125
0.595703
0.292969
0.277344
0.144531
0.372396
0.590495
0.273438
0.375000
0.207031
0.714844
0.246094
0.281250
0.492188
0.421875
0.351562
0.148438
0.191406
0.210938
0.646484
0.675781
0.760742
0.355469
0.537109
0.386719
0.250000
0.222656
0.242187
0.445313
0.617188
0.167969
0.136719
0.664062
0.320313
0.148438
0.191406
0.425781
0.265625
0.574219
0.195313
0.093750
0.312500
0.441406
0.667969
0.296875
0.756836
0.226562
0.335938
0.394531
0.324219
0.697266
0.382812
0.335938
0.367188
0.386719
0.265625
0.324219
0.195313
0.572266
0.229167
0.074219
0.386719
0.601562
0.697266
0.710938
0.656250
0.113281
0.677734
0.281250
0.316406
0.367188
0.152344
0.234375
0.199219
0.793945
0.402344
0.265625
0.746094
0.246094
0.250000
0.599609
0.609375
0.472656
0.589844
0.183594
0.414062
0.082031
0.164062
0.207031
0.689453
0.285156
0.269531
0.242187
0.425781
0.261719
0.304688
0.226562
0.156250
0.750000
0.167969
0.246094
0.226562
0.343750
0.238281
0.296875
0.253906
0.597656
0.230469
0.109375
0.316406
0.222656
0.238281
0.101562
0.234375
0.171875
0.179688
0.597656
0.414062
0.844401
0.737630
0.578776
0.286458
0.140625
0.356771
0.183594
0.250000
0.246094
0.074219
0.285156
0.226562
0.281250
0.788086
0.343750
0.281250
0.795898
0.707031
0.488281
0.292969
0.687500
0.630859
0.429688
0.503906
0.265625
0.924316
0.421875
0.250000
0.848633
0.238281
0.296875
0.674479
0.218750
0.557292
0.420573
0.723307
0.170573
0.596354
0.171875
0.640625
0.378906
0.539062
0.132812
0.210938
0.304688
0.343750
0.363281
0.859375
0.214844
0.433594
0.312500
0.250000
0.199219
0.398437
0.390625
0.626953
0.320313
0.312500
0.156250
0.732422
0.152344
0.222656
0.617188
0.394531
0.195313
0.375000
0.453125
0.476562
0.285156
0.679688
0.261719
0.599609
0.117187
0.492188
0.234375
0.324219
0.613281
0.207031
0.265625
0.265625
0.242187
0.261719
0.603516
0.773438
0.707031
0.781250
0.363281
0.373698
0.355469
0.261719
0.230469
0.292969
0.234375
0.179688
0.519531
0.246094
0.234375
0.703125
0.164062
0.562500
0.406250
0.343750
0.281250
0.324219
0.593750
0.464844
0.359375
0.437500
0.343750
0.292969
0.753906
0.265625
0.218750
0.253906
0.148438
0.393229
0.218750
0.724609
0.277344
0.449219
0.265625
0.703125
0.685547
0.171875
0.427083
0.332031
0.195313
0.187500
0.195313
0.105469
0.074219
0.321615
0.210938
0.316406
0.449219
0.515625
0.253906
0.548828
0.296875
0.140625
0.595703
0.265625
0.320313
0.257812
0.619141
0.699219
0.183594
0.234375
0.234375
0.234375
0.320313
0.265625
0.316406
0.164062
0.285156
0.681641
0.246094
0.801758
0.576172
0.750977
0.646484
0.222656
0.386719
0.419271
0.273438
0.300781
0.382812
0.654948
0.326823
0.248698
0.350260
0.361979
0.446615
0.269531
0.756185
0.463542
0.210938
0.638021
0.578125
0.251302
0.324219
0.214844
0.696615
0.541016
0.290365
0.115885
0.436198
0.390625
0.527344
0.110677
0.170573
0.340278
0.463542
0.199219
0.205295
0.506510
0.141059
0.381944
0.149306
0.125000
0.767578
0.277344
0.679688
0.441406
0.750000
0.335938
0.207031
0.195313
0.595703
0.425781
0.324219
0.210938
0.335938
0.242187
0.214844
0.550781
0.339844
0.281250
0.191406
0.246094
0.281250
0.513672
0.613281
0.503906
0.311198
0.413628
0.251736
0.621094
0.392361
0.271267
0.175781
0.845703
0.468750
0.732422
0.261719
0.238281
0.552734
0.433594
0.500000
0.656250
0.226562
0.728516
0.253906
0.748047
0.105469
0.683594
0.277344
0.093750
0.261719
0.277344
0.140625
0.468750
0.492188
0.429688
0.718750
0.204861
0.236111
0.781359
0.076389
0.201389
0.181858
0.443142
0.315538
0.381076
0.085938
0.712674
0.394965
0.175781
0.542969
0.242187
0.175347
0.226562
0.395833
0.421441
0.295139
0.915039
0.165799
0.285156
0.150608
0.280816
0.462674
0.598741
0.656250
0.281250
0.226562
0.165799
0.359375
0.078125
0.246094
0.226562
0.125000
0.375000
0.730469
0.289062
0.214844
0.605252
0.642361
0.174479
0.160156
0.128906
0.197483
0.463108
0.337674
0.540799
0.304688
0.078125
0.495877
0.273438
0.118924
0.224392
0.645399
0.672743
0.240451
0.275608
0.776910
0.333767
0.368924
0.694661
0.444444
0.300781
0.285156
0.308594
0.722656
0.160156
0.441406
0.582031
0.222656
0.414062
0.394531
0.304688
0.203125
0.296875
0.328125
0.292969
0.175781
0.488281
0.070312
0.187500
0.156250
0.708984
0.214844
0.738281
0.316406
0.480469
0.210938
0.394531
0.830078
0.222656
0.531250
0.480469
0.718750
0.203125
0.195313
0.320313
0.210938
0.378906
0.210938
0.347656
0.148438
0.210938
0.218750
0.421875
0.496094
0.281250
0.214844
0.214844
0.269531
0.699219
0.070312
0.611328
0.121094
0.183594
0.846680
0.128906
0.074219
0.066406
0.214844
0.281250
0.644531
0.257812
0.722656
0.269531
0.207031
0.250000
0.234375
0.257812
0.308594
0.433594
0.277344
0.277344
0.447483
0.289062
0.078125
0.343750
0.697266
0.296875
0.265625
0.476562
0.246094
0.552734
0.140625
0.546875
0.171875
0.460938
0.382812
0.171875
0.171875
0.605469
0.363281
0.367188
0.414062
0.492188
0.238281
0.693359
0.121094
0.369358
0.449219
0.281250
0.277344
0.410156
0.214844
0.128906
0.160156
0.242187
0.687500
0.269531
0.632812
0.332031
0.191406
0.648438
0.085938
0.066406
0.750977
0.292969
0.250000
0.289062
0.359375
0.234375
0.644531
0.195313
0.214844
0.175781
0.621094
0.525391
0.207031
0.250000
0.167969
0.386719
0.222656
0.261719
0.675781
0.289062
0.574219
0.402344
0.406250
0.335938
0.101562
0.117187
0.082031
0.246094
0.609375
0.246094
0.203125
0.531250
0.505859
0.082031
0.234375
0.109375
0.246094
0.775391
0.544922
0.207031
0.265625
0.578125
0.542969
0.574219
0.740234
0.234375
0.476562
0.277344
0.304688
0.292969
0.758789
0.394531
0.679688
0.234375
0.085938
0.351997
0.095486
0.457031
0.515191
0.320313
0.218750
0.222656
0.195313
0.240017
0.610460
0.078125
0.732422
0.691406
0.353299
0.283420
0.423611
0.376736
0.291233
0.287326
0.261719
0.275608
0.550781
0.132812
0.286892
0.328125
0.540799
0.304688
0.255642
0.240451
0.524523
0.230469
0.251736
0.480469
0.375000
0.537109
0.242187
0.218750
0.136719
0.105469
0.335938
0.292969
0.296875
0.753906
0.136719
0.355469
0.363281
0.339844
0.402344
0.386719
0.764648
0.210938
0.085938
0.160156
0.289062
0.703125
0.273438
0.439236
0.664497
0.669054
0.242187
0.164062
0.699653
0.179688
0.707031
0.277344
0.464844
0.292969
0.250000
0.507812
0.375000
0.281250
0.304688
0.183594
0.363281
0.710938
0.082031
0.335938
0.289062
0.484375
0.285156
0.320313
0.398437
0.441406
0.195313
0.101562
0.128906
0.617188
0.425781
0.193142
0.406684
0.087674
0.275174
0.782227
0.236111
0.390625
0.427083
0.121094
0.109375
0.292969
0.347656
0.339844
0.746094
0.351562
0.148438
0.509766
0.085938
0.468750
0.210938
0.304688
0.320313
0.273438
0.253906
0.748047
0.677734
0.328125
0.513672
0.793945
0.623047
0.784180
0.125000
0.316406
0.363281
0.291233
0.425781
0.662109
0.289062
0.351562
0.242187
0.250000
0.695312
0.371094
0.292969
0.312500
0.296875
0.308594
0.572266
0.078125
0.492188
0.289062
0.375000
0.125000
0.164062
0.363281
0.179688
0.537109
0.304688
0.406250
0.289062
0.320313
0.132812
0.253906
0.324219
0.697266
0.736328
0.351562
0.371094
0.417969
0.821289
0.253906
0.140625
0.646484
0.246094
0.531250
0.273438
0.640625
0.222656
0.468750
0.802734
0.437500
0.677734
0.343750
0.296875
0.101562
0.132812
0.304688
0.226562
0.273438
0.398437
0.681641
0.382812
0.332031
0.658203
0.583984
0.398437
0.195313
0.093750
0.515625
0.222656
0.238281
0.335938
0.156250
0.304688
0.226562
0.261719
0.687500
0.207031
0.918457
0.833008
0.740234
0.234375
0.234375
0.292969
0.595703
0.316406
0.533203
0.414062
0.210938
0.511719
0.082031
0.265625
0.347656
0.300781
0.269531
0.693359
0.273438
0.390625
0.259549
0.773438
0.425781
0.550781
0.809570
0.392795
0.273438
0.253906
0.199219
0.089844
0.218750
0.210938
0.890137
0.246094
0.289062
0.187500
0.296875
0.253906
0.351562
0.277344
0.589844
0.113281
0.191406
0.167969
0.308594
0.437500
0.261719
0.109375
0.347656
0.468750
0.603516
0.468750
0.669922
0.136719
0.425781
0.752930
0.271701
0.562500
0.763672
0.240017
0.382812
0.708984
0.437500
0.289062
0.363281
0.818359
0.320313
0.148438
0.335938
0.742188
0.324219
0.375000
0.773438
0.324219
0.285156
0.277344
0.402344
0.667969
0.074219
0.332031
0.347656
0.804688
0.809570
0.695312
0.289062
0.417969
0.210938
0.175781
0.766602
0.132812
0.203125
0.285156
0.525391
0.171875
0.226562
0.578125
0.701172
0.136719
0.351562
0.817383
0.207031
0.320313
0.296875
0.203125
0.320313
0.222656
0.746094
0.179688
0.685547
0.156250
0.421875
0.230469
0.710938
0.335938
0.214844
0.214844
0.390625
0.533203
0.697266
0.544922
0.246094
0.640625
0.066406
0.724609
0.261719
0.359375
0.865234
0.503906
0.082031
0.818359
0.375000
0.324219
0.230469
0.269531
0.406250
0.359375
0.611328
0.265625
0.378906
0.554687
0.748047
0.253906
0.324219
0.795898
0.367188
0.347656
0.587891
0.378906
0.771484
0.666016
0.222656
0.203125
0.724609
0.740234
0.324219
0.460938
0.152344
0.160156
0.515625
0.464844
0.681641
0.207031
0.673828
0.253906
0.097656
0.089844
0.277344
0.505859
0.513672
0.296875
0.677734
0.144531
0.343750
0.332031
0.679688
0.230469
0.394531
0.511719
0.652344
0.500000
0.136719
0.382812
0.246094
0.257812
0.669922
0.171875
0.312500
0.840820
0.316406
0.605469
0.164062
0.464844
0.343750
0.269531
0.125000
0.296875
0.449219
0.191406
0.261719
0.417969
0.797852
0.183594
0.685547
0.316406
0.265625
0.542969
0.503906
0.437500
0.457031
0.351562
0.541016
0.207031
0.762695
0.152344
0.257812
0.732422
0.468750
0.140625
0.328125
0.253906
0.589844
0.074219
0.328125
0.167969
0.285156
0.125000
0.750000
0.210938
0.406250
0.238281
0.625000
0.164062
0.736328
0.359375
0.754883
0.250000
0.250000
0.728516
0.269531
0.748047
0.328125
0.550781
0.560547
0.285156
0.316406
0.716797
0.646484
0.347656
0.226562
0.520616
0.269531
0.093750
0.203125
0.214844
0.898926
0.343750
0.417969
0.332031
0.109375
0.101562
0.730469
0.250000
0.175781
0.371094
0.390625
0.782227
0.113281
0.656250
0.179688
0.093750
0.363281
0.406250
0.335938
0.121094
0.294705
0.718750
0.488281
0.457031
0.652344
0.755859
0.476562
0.289062
0.210503
0.082031
0.296875
0.296875
0.744141
0.144531
0.517578
0.527344
0.082031
0.335938
0.421875
0.591797
0.226562
0.207031
0.289062
0.355469
0.541016
0.546875
0.218750
0.191406
0.363281
0.261719
0.296875
0.445313
0.167969
0.156250
0.269531
0.101562
0.705078
0.281250
0.320313
0.732422
0.195313
0.291233
0.767578
0.476562
0.425781
0.593750
0.226562
0.488281
0.296875
0.394531
0.437500
0.328125
0.164062
0.740234
0.109375
0.767578
0.167969
0.292969
0.119358
0.261719
0.621094
0.588759
0.261719
0.312500
0.125000
0.316406
0.234375
0.406250
0.281250
0.078125
0.218750
0.464844
0.328125
0.468750
0.414062
0.777344
0.277344
0.277344
0.394531
0.533203
0.296875
0.128906
0.246094
0.179688
0.234375
0.457031
0.375000
0.246094
0.125000
0.675781
0.203125
0.339844
0.269531
0.214844
0.382812
0.648438
0.291233
0.210938
0.605469
0.568359
0.535156
0.261719
0.390625
0.261719
0.607422
0.480469
0.246094
0.437500
0.160156
0.191406
0.121094
0.537109
0.289062
0.152344
0.148438
0.238281
0.179688
0.640625
0.685547
0.345920
0.214844
0.304688
0.300781
0.128906
0.402344
0.347656
0.238281
0.378906
0.615234
0.304688
0.257812
0.207031
0.269531
0.265625
0.167969
0.179688
0.242187
0.656250
0.374566
0.357639
0.527995
0.455729
0.539062
0.226562
0.320747
0.261719
0.558811
0.836589
0.527561
0.314670
0.312500
0.138455
0.827908
0.252170
0.205295
0.696398
0.804688
0.296875
0.588325
0.082031
0.365017
0.330295
0.253906
0.148438
0.310330
0.310330
0.183594
0.320313
0.667101
0.793294
0.799805
0.269531
0.648438
0.367188
0.605469
0.234375
0.406250
0.175781
0.304688
0.253906
0.203125
0.238281
0.253906
0.572266
0.689453
0.398437
0.519531
0.218750
0.521484
0.720703
0.445313
0.246094
0.457031
0.191406
0.171875
0.449219
0.191406
0.292969
0.569227
0.339844
0.371094
0.222656
0.531250
0.261719
0.787109
0.410156
0.203125
0.289062
0.611328
0.164062
0.646484
0.335938
0.183594
0.199219
0.226562
0.281250
0.277344
0.269531
0.218750
0.300781
0.152344
0.320313
0.378906
0.550781
0.441406
0.179688
0.164062
0.703125
0.203125
0.171875
0.574219
0.425781
0.433594
0.136719
0.558594
0.074219
0.484375
0.386719
0.296875
0.421875
0.666016
0.585938
0.441406
0.359375
0.074219
0.230469
0.605469
0.406250
0.250000
0.218750
0.658203
0.695312
0.877441
0.363281
0.697266
0.199219
0.074219
0.578125
0.425781
0.484375
0.250000
0.878906
0.535156
0.802734
0.261719
0.570313
0.359375
0.136719
0.790039
0.167969
0.589844
0.113281
0.320313
0.701172
0.253906
0.316406
0.207031
0.441406
0.175781
0.273438
0.199219
0.390625
0.218750
0.277344
0.437500
0.736328
0.261719
0.701172
0.402344
0.136719
0.281250
0.429688
0.269531
0.324219
0.292969
0.277344
0.144531
0.328125
0.610026
0.181858
0.579427
0.360677
0.279514
0.353733
0.326389
0.105469
0.250000
0.292969
0.848741
0.791016
0.171875
0.359375
0.277344
0.304253
0.711589
0.751953
0.259549
0.520833
0.654731
0.408420
0.589193
0.152344
0.524740
0.174045
0.240451
0.707899
0.409722
0.464410
0.420139
0.605686
0.210938
0.625000
0.339844
0.574219
0.701172
0.687500
0.714844
0.417969
0.292969
0.296875
0.378906
0.210938
0.724609
0.371094
0.582031
0.347656
0.308594
0.324219
0.382812
0.300781
0.740234
0.730469
0.250000
0.128906
0.379340
0.271267
0.503906
0.269531
0.226562
0.162326
0.595920
0.839952
0.242187
0.226562
0.175781
0.152344
0.105469
0.756836
0.195313
0.599609
0.382812
0.339844
0.371094
0.183594
0.363281
0.164062
0.791016
0.296875
0.285156
0.210938
0.441406
0.269531
0.621094
0.757812
0.339844
0.144531
0.723958
0.431424
0.187500
0.521267
0.256076
0.774740
0.702257
0.107639
0.300781
0.793945
0.347656
0.771484
0.152344
0.281250
0.615234
0.312500
0.669922
0.328125
0.265625
0.289062
0.623047
0.464844
0.394531
0.476562
0.507812
0.718750
0.689453
0.382812
0.320313
0.472656
0.222656
0.214844
0.253906
0.183594
0.300781
0.609375
0.316406
0.848633
0.277344
0.117187
0.234375
0.222656
0.429688
0.429688
0.183594
0.658203
0.328125
0.638672
0.746094
0.712891
0.503906
0.544922
0.242187
0.544922
0.203125
0.756836
0.621094
0.261719
0.414062
0.253906
0.556641
0.851563
0.355469
0.523438
0.476562
0.300781
0.234375
0.612413
0.544922
0.269531
0.748047
0.572266
0.117187
0.359375
0.562500
0.363281
0.724609
0.281250
0.738281
0.351562
0.351562
0.597656
0.250000
0.390625
0.328125
0.656250
0.410156
0.775391
0.128906
0.691406
0.355469
0.207031
0.238281
0.234375
0.320313
0.292969
0.273438
0.449219
0.387153
0.734375
0.611328
0.445313
0.234375
0.593750
0.152344
0.578125
0.766602
0.187500
0.300781
0.375000
0.121094
0.638672
0.570313
0.689453
0.728516
0.285156
0.070312
0.261719
0.242187
0.289062
0.156250
0.277344
0.212674
0.732422
0.382812
0.125000
0.609375
0.324219
0.132812
0.195313
0.246528
0.269531
0.191406
0.218750
0.191406
0.285156
0.461372
0.326823
0.259549
0.269531
0.201389
0.636719
0.279080
0.269097
0.685330
0.342448
0.464844
0.351562
0.246094
0.217014
0.216580
0.316406
0.224392
0.082031
0.564019
0.191406
0.263889
0.220920
0.662977
0.365885
0.492188
0.097656
0.531250
0.460938
0.191406
0.175781
0.642578
0.285156
0.478733
0.252170
0.629123
0.175781
0.314236
0.615017
0.569878
0.365451
0.707031
0.265625
0.670356
0.267795
0.217014
0.123264
0.117187
0.426649
0.689453
0.371094
0.204861
0.743273
0.371094
0.082031
0.628906
0.750977
0.310330
0.189670
0.283854
0.779731
0.210503
0.199219
0.518229
0.721788
0.486111
0.261719
0.097656
0.598741
0.250000
0.152344
0.386285
0.564019
0.320313
0.731337
0.414497
0.367188
0.138455
0.437934
0.721571
0.753581
0.457899
0.724609
0.138889
0.167969
0.420139
0.294705
0.373264
0.179688
0.433594
0.714844
0.880859
0.681641
0.250000
0.222656
0.332031
0.589844
0.339410
0.218750
0.540148
0.173611
0.347656
0.156250
0.281250
0.460503
0.602214
0.355469
0.615451
0.354601
0.783637
0.210938
0.179688
0.483941
0.374132
0.731337
0.473090
0.470486
0.113281
0.289062
0.224826
0.404080
0.316406
0.335938
0.574219
0.093750
0.390625
0.642578
0.488281
0.513672
0.253906
0.671875
0.281250
0.738281
0.675781
0.238281
0.230469
0.277344
0.253906
0.890137
0.710938
0.437500
0.636719
0.195313
0.762695
0.449219
0.234375
0.230469
0.484375
0.347656
0.503906
0.421875
0.273438
0.078125
0.433594
0.807617
0.167969
0.207031
0.246094
0.226562
0.152344
0.386719
0.328125
0.343750
0.144531
0.720703
0.339844
0.191406
0.363281
0.805664
0.492188
0.548828
0.335938
0.191406
0.250000
0.417969
0.343750
0.818359
0.238281
0.304688
0.218750
0.740234
0.128906
0.595703
0.261719
0.811523
0.403646
0.786458
0.238281
0.310764
0.368924
0.214844
0.724609
0.357639
0.238281
0.727431
0.109375
0.246094
0.611111
0.619141
0.631727
0.421875
0.526476
0.253906
0.734592
0.757704
0.292969
0.289062
0.304688
0.207031
0.243924
0.662109
0.349826
0.529297
0.230469
0.248264
0.125000
0.085938
0.195313
0.519531
0.339844
0.089844
0.355469
0.799805
0.578125
0.667969
0.299045
0.329861
0.257812
0.189236
0.150174
0.171441
0.488281
0.226997
0.082031
0.089844
0.183594
0.667101
0.595269
0.078125
0.442274
0.109375
0.200955
0.210938
0.430122
0.324219
0.378906
0.363281
0.357639
0.559896
0.269531
0.406250
0.509766
0.382812
0.523438
0.335938
0.292969
0.611328
0.294705
0.285156
0.433594
0.199219
0.720703
0.460938
0.234375
0.895020
0.367188
0.238281
0.332031
0.226562
0.609375
0.371094
0.441406
0.226562
0.187500
0.269531
0.109375
0.347656
0.335938
0.603516
0.406250
0.250000
0.574219
0.292969
0.712891
0.860352
0.587891
0.300781
0.265625
0.171875
0.634766
0.097656
0.496094
0.282986
0.285156
0.281250
0.441406
0.179688
0.593750
0.261719
0.261719
0.121094
0.703125
0.786133
0.801324
0.537109
0.517578
0.437500
0.265625
0.712891
0.753906
0.691406
0.660373
0.650391
0.517795
0.300781
0.281250
0.234375
0.621094
0.809570
0.708984
0.447049
0.562500
0.784180
0.695312
0.125000
0.304688
0.763672
0.335938
0.289062
0.589844
0.386719
0.082031
0.394531
0.363281
0.457031
0.517578
0.433594
0.628906
0.308594
0.572266
0.128906
0.433594
0.328125
0.898926
0.226562
0.554687
0.257812
0.308594
0.226562
0.199219
0.289062
0.607422
0.564453
0.218750
0.113281
0.226562
0.720703
0.339844
0.273438
0.599609
0.140625
0.171875
0.414062
0.300781
0.359375
0.335938
0.296875
0.679688
0.505859
0.613281
0.160156
0.328125
0.375000
0.082031
0.167969
0.697266
0.300781
0.445313
0.281250
0.320313
0.296875
0.541016
0.414062
0.156250
0.328125
0.519531
0.316406
0.488281
0.591797
0.300781
0.656250
0.285156
0.480469
0.140625
0.414062
0.413628
0.226562
0.417969
0.730469
0.195313
0.203125
0.689453
0.748047
0.537109
0.242187
0.355469
0.238281
0.199219
0.273438
0.328125
0.269531
0.105469
0.355469
0.746094
0.644531
0.140625
0.242187
0.222656
0.675781
0.265625
0.218750
0.296875
0.681641
0.296875
0.238281
0.484375
0.191406
0.812500
0.121094
0.240451
0.559462
0.269531
0.238281
0.767578
0.677734
0.148438
0.589844
0.355469
0.377170
0.113281
0.140625
0.109375
0.308594
0.328125
0.320313
0.242187
0.464844
0.789062
0.460938
0.441406
0.760742
0.296875
0.390625
0.691406
0.296875
0.568359
0.296875
0.250000
0.359375
0.752930
0.257812
0.085938
0.658203
0.351562
0.250000
0.207031
0.183594
0.838867
0.449219
0.207031
0.183594
0.292969
0.394531
0.265625
0.593750
0.078125
0.767578
0.503906
0.724609
0.564453
0.183594
0.328125
0.273438
0.125000
0.367188
0.203125
0.646484
0.070312
0.289062
0.472656
0.191406
0.222656
0.101562
0.630859
0.343750
0.242187
0.285156
0.171875
0.533203
0.304688
0.140625
0.529297
0.662109
0.414062
0.433594
0.160156
0.222656
0.253906
0.226562
0.697266
0.390625
0.523438
0.753906
0.230469
0.766602
0.394531
0.347656
0.257812
0.246094
0.238281
0.851563
0.445313
0.074219
0.207031
0.226562
0.355469
0.367188
0.433594
0.199219
0.453125
0.453125
0.513672
0.371094
0.250000
0.793945
0.093750
0.261719
0.222656
0.199219
0.402344
0.128906
0.662109
0.234375
0.230469
0.265625
0.371094
0.250000
0.128906
0.218750
0.398437
0.160156
0.421875
0.805664
0.261719
0.320313
0.320313
0.121094
0.250000
0.753906
0.308594
0.425781
0.277344
0.277344
0.343750
0.797852
0.687500
0.488281
0.541016
0.351562
0.736328
0.257812
0.316406
0.546875
0.558594
0.646484
0.179688
0.179688
0.210938
0.332031
0.238281
0.238281
0.300781
0.109375
0.082031
0.265625
0.457031
0.398437
0.457031
0.591797
0.296875
0.324219
0.343750
0.339844
0.509766
0.257812
0.289062
0.304688
0.441406
0.125000
0.085938
0.253906
0.459201
0.382812
0.355469
0.375000
0.164062
0.191406
0.720703
0.164062
0.734375
0.599609
0.880425
0.378906
0.715929
0.642578
0.597656
0.351562
0.689453
0.203125
0.730469
0.257812
0.355469
0.265625
0.167969
0.125000
0.683594
0.253906
0.207031
0.285156
0.246094
0.671875
0.394531
0.787109
0.500000
0.542969
0.273438
0.125000
0.167969
0.207031
0.207031
0.406250
0.555556
0.732422
0.462240
0.285590
0.392795
0.339844
0.571398
0.522786
0.519314
0.493924
0.761285
0.359809
0.749891
0.240017
0.512153
0.310330
0.251736
0.279080
0.380642
0.696398
0.740234
0.133681
0.746962
0.648220
0.437500
0.501953
0.308594
0.666016
0.654297
0.085938
0.121094
0.589844
0.802734
0.295139
0.559245
0.476562
0.191406
0.306858
0.298611
0.542752
0.203125
0.558160
0.753798
0.420139
0.214844
0.357639
0.113281
0.335938
0.759223
0.286892
0.633030
0.281250
0.416233
0.457465
0.730469
0.661241
0.199219
0.655165
0.218750
0.328125
0.525391
0.238715
0.343750
0.285156
0.292969
0.097656
0.277344
0.716797
0.519531
0.230469
0.136719
0.726562
0.156250
0.167969
0.619141
0.230469
0.304688
0.572266
0.316406
0.664062
0.281250
0.591797
0.669922
0.199219
0.628906
0.644531
0.156250
0.246094
0.593750
0.101562
0.109375
0.756836
0.164062
0.295573
0.253906
0.781901
0.332031
0.492188
0.695312
0.382812
0.662109
0.332031
0.261719
0.505859
0.359375
0.097656
0.261719
0.316406
0.273438
0.207031
0.754883
0.234375
0.410156
0.697266
0.289062
0.685547
0.218750
0.386719
0.167969
0.562500
0.265625
0.105469
0.417969
0.496094
0.437500
0.562500
0.582031
0.312500
0.308594
0.355469
0.218750
0.144531
0.261719
0.611328
0.226562
0.230469
0.343750
0.109375
0.394531
0.089844
0.585938
0.632812
0.074219
0.082031
0.273438
0.328125
0.277344
0.175781
0.472656
0.187500
0.628906
0.468750
0.355469
0.765625
0.300781
0.082031
0.195313
0.509766
0.308594
0.234375
0.507812
0.386719
0.250000
0.716797
0.312500
0.343750
0.105469
0.351562
0.277344
0.363281
0.630859
0.332031
0.398437
0.207031
0.230469
0.175781
0.175781
0.708984
0.132812
0.398437
0.527344
0.535156
0.664062
0.195313
0.907227
0.693359
0.187500
0.281250
0.644531
0.218750
0.410156
0.316406
0.312500
0.468750
0.445313
0.519531
0.363281
0.214844
0.679688
0.296875
0.304688
0.308594
0.634766
0.300781
0.171875
0.533203
0.132812
0.887207
0.343750
0.656250
0.658203
0.378906
0.472656
0.308594
0.101562
0.097656
0.806641
0.292969
0.203125
0.359375
0.074219
0.238281
0.515625
0.324219
0.156250
0.371094
0.292969
0.760742
0.316406
0.766276
0.171875
0.292969
0.595703
0.222656
0.101562
0.402344
0.304688
0.160156
0.148438
0.097656
0.619141
0.625000
0.679688
0.289062
0.281250
0.328125
0.667969
0.656250
0.766602
0.897461
0.402344
0.429688
0.191406
0.669922
0.117187
0.468750
0.480469
0.371094
0.117187
0.666016
0.097656
0.445313
0.308594
0.703125
0.626953
0.312500
0.351562
0.480469
0.250000
0.332031
0.445313
0.218750
0.132812
0.078125
0.777344
0.210938
0.269531
0.417969
0.468750
0.738281
0.281250
0.296875
0.144531
0.359375
0.257812
0.308594
0.281250
0.394531
0.484375
0.324219
0.093750
0.164062
0.226562
0.414062
0.285156
0.238281
0.246094
0.316406
0.693359
0.533203
0.191406
0.335938
0.720703
0.308594
0.246094
0.226562
0.253906
0.289062
0.687500
0.650391
0.214844
0.320313
0.156250
0.230469
0.647786
0.203125
0.432292
0.373698
0.722005
0.361979
0.603516
0.386719
0.320313
0.355469
0.421875
0.156250
0.378906
0.363281
0.265625
0.320313
0.261719
0.308594
0.363281
0.171875
0.304688
0.304688
0.148438
0.453125
0.242187
0.281250
0.101562
0.304688
0.273438
0.703125
0.321615
0.660156
0.276042
0.247396
0.321615
0.259115
0.261719
0.658854
0.378906
0.507812
0.332031
0.218750
0.554687
0.699219
0.593750
0.250000
0.316406
0.160156
0.234375
0.273438
0.320313
0.754883
0.406250
0.273438
0.748047
0.566406
0.580078
0.179688
0.621745
0.712891
0.535156
0.650391
0.148438
0.320313
0.378906
0.367188
0.230469
0.097656
0.292969
0.304688
0.498698
0.302083
0.207031
0.143229
0.550781
0.446615
0.535156
0.699219
0.242187
0.819987
0.287760
0.101562
0.268229
0.559896
0.324219
0.428385
0.714844
0.332031
0.442708
0.696615
0.171875
0.368490
0.488281
0.302083
0.313802
0.505859
0.692057
0.230469
0.121094
0.328125
0.304688
0.315104
0.591797
0.347656
0.394531
0.226562
0.332031
0.089844
0.580078
0.580078
0.242187
0.611328
0.117187
0.626953
0.836914
0.710938
0.265625
0.261719
0.179688
0.812500
0.870117
0.507812
0.156250
0.257812
0.304688
0.472656
0.231771
0.303385
0.311198
0.285156
0.372396
0.184896
0.742839
0.516927
0.296875
0.710938
0.188802
0.320313
0.321615
0.222656
0.183594
0.320313
0.196615
0.300781
0.467448
0.373698
0.584635
0.238281
0.272135
0.725911
0.222656
0.516276
0.309896
0.225260
0.261719
0.347656
0.156250
0.156250
0.699219
0.328125
0.238281
0.398437
0.125000
0.343750
0.269531
0.410156
0.386719
0.789062
0.300781
0.386719
0.304688
0.214844
0.660156
0.128906
0.441406
0.371094
0.261719
0.089844
0.615234
0.681641
0.529297
0.689453
0.664062
0.414062
0.689453
0.625000
0.394531
0.382812
0.257812
0.472656
0.550781
0.546875
0.281250
0.476562
0.316406
0.347656
0.367188
0.332031
0.488281
0.339844
0.382812
0.214844
0.671875
0.476562
0.496094
0.417969
0.359375
0.652344
0.218750
0.724609
0.382812
0.591797
0.203125
0.382812
0.285156
0.505859
0.226562
0.250000
0.218750
0.630859
0.351562
0.250000
0.720052
0.364583
0.188802
0.411458
0.123698
0.091146
0.554688
0.126302
0.097656
0.199219
0.697266
0.253906
0.646484
0.179688
0.359375
0.289062
0.257812
0.367188
0.308594
0.179688
0.332031
0.697266
0.125000
0.335938
0.128906
0.109375
0.453125
0.868164
0.273438
0.195313
0.285156
0.872070
0.397135
0.592448
0.203125
0.131510
0.265625
0.186198
0.279948
0.485677
0.519531
0.537109
0.296875
0.292969
0.218750
0.591797
0.402344
0.778320
0.673828
0.285156
0.756836
0.109375
0.082031
0.312500
0.759766
0.324219
0.525391
0.117187
0.464844
0.089844
0.187500
0.242187
0.222656
0.167969
0.414062
0.375000
0.665365
0.269531
0.183594
0.204427
0.631510
0.555339
0.296875
0.578125
0.203125
0.230469
0.199219
0.074219
0.199219
0.273438
0.320313
0.296875
0.740234
0.544922
0.285156
0.390625
0.480469
0.277344
0.509766
0.386719
0.480469
0.632812
0.472656
0.406250
0.790039
0.230469
0.183594
0.276042
0.207031
0.359375
0.178385
0.227865
0.256510
0.620443
0.531250
0.375000
0.164062
0.480469
0.226562
0.748047
0.449219
0.257812
0.230469
0.744141
0.548828
0.187500
0.511719
0.234375
0.261719
0.195313
0.222656
0.724609
0.776367
0.230469
0.257812
0.402344
0.658203
0.164062
0.480469
0.101562
0.488281
0.261719
0.105469
0.312500
0.140625
0.779297
0.101562
0.269531
0.226562
0.523438
0.324219
0.566406
0.437500
0.183594
0.480469
0.300781
0.359375
0.093750
0.246094
0.253906
0.378906
0.210938
0.472656
0.210938
0.304688
0.199219
0.222656
0.728516
0.511719
0.265625
0.787109
0.187500
0.273438
0.308594
0.312500
0.386719
0.273438
0.441406
0.743490
0.688151
0.777669
0.304688
0.718750
0.223958
0.736328
0.625000
0.289062
0.152344
0.179688
0.243490
0.777995
0.255208
0.243490
0.250000
0.518880
0.242187
0.316406
0.312500
0.714844
0.291667
0.480469
0.342448
0.109375
0.158854
0.281250
0.246094
0.601562
0.233073
0.179688
0.788411
0.132812
0.312500
0.511719
0.089844
0.226562
0.113281
0.328125
0.250000
0.625000
0.445313
0.312500
0.246094
0.794922
0.564453
0.296875
0.646484
0.484375
0.304688
0.766602
0.265625
0.363281
0.425781
0.171875
0.312500
0.355469
0.244792
0.384115
0.212240
0.091146
0.423177
0.121094
0.291667
0.117187
0.445313
0.125000
0.347656
0.289062
0.546875
0.281250
0.880859
0.429688
0.758789
0.599609
0.509766
0.199219
0.332031
0.109375
0.441406
0.277344
0.320313
0.351562
0.316406
0.736328
0.574219
0.308594
0.691406
0.277344
0.109375
0.184896
0.162760
0.109375
0.282552
0.791992
0.378906
0.238281
0.689453
0.148438
0.406250
0.501953
0.740234
0.273438
0.566406
0.763672
0.273438
0.359375
0.535156
0.664062
0.556641
0.562500
0.548828
0.222656
0.449219
0.511719
0.501953
0.148438
0.623047
0.355469
0.410156
0.425781
0.480469
0.375000
0.784180
0.308594
0.183594
0.261719
0.300781
0.253906
0.125000
0.417969
0.296875
0.417969
0.335938
0.234375
0.265625
0.371094
0.324219
0.375000
0.238281
0.445313
0.257812
0.105469
0.355469
0.074219
0.378906
0.140625
0.312500
0.207031
0.789062
0.335938
0.742188
0.558594
0.361979
0.191406
0.147135
0.620443
0.595703
0.805013
0.295573
0.355469
0.718750
0.386719
0.554687
0.121094
0.421875
0.609375
0.656250
0.533203
0.623047
0.378906
0.277344
0.304688
0.873047
0.417969
0.492188
0.359375
0.425781
0.285156
0.222656
0.164062
0.429688
0.238281
0.273438
0.812500
0.402344
0.246094
0.304688
0.417969
0.265625
0.390625
0.144531
0.218750
0.436198
0.319010
0.170573
0.739583
0.216146
0.653646
0.338542
0.492188
0.182292
0.217448
0.347656
0.622396
0.402344
0.252604
0.225260
0.703125
0.767904
0.449219
0.451823
0.598307
0.259115
0.759440
0.372396
0.125000
0.316406
0.308594
0.234375
0.406250
0.355469
0.328125
0.316406
0.326823
0.664062
0.184896
0.368490
0.125000
0.493490
0.308594
0.449219
0.371094
0.209635
0.709635
0.152344
0.797852
0.768229
0.916829
0.244792
0.240885
0.539062
0.127604
0.559896
0.285156
0.570964
0.187500
0.705078
0.868490
0.263021
0.750000
0.479167
0.186198
0.188802
0.289062
0.265625
0.179688
0.152344
0.164062
0.242187
0.320313
0.386719
0.261719
0.355469
0.671875
0.708984
0.480469
0.285156
0.144531
0.253906
0.742188
0.501953
0.253906
0.552734
0.472656
0.199219
0.234375
0.125000
0.457031
0.132812
0.308594
0.626953
0.074219
0.250000
0.097656
0.736328
0.410156
0.722656
0.195313
0.281250
0.292969
0.355469
0.238281
0.634766
0.253906
0.572266
0.261719
0.386719
0.109375
0.791016
0.281250
0.273438
0.187500
0.304688
0.398437
0.355469
0.277344
0.646484
0.402344
0.328125
0.574219
0.541016
0.351562
0.598307
0.391927
0.643229
0.524089
0.233073
0.243490
0.471354
0.179688
0.230469
0.105469
0.728516
0.222656
0.238281
0.101562
0.242187
0.591797
0.768555
0.140625
0.324219
0.316406
0.246094
0.156250
0.691406
0.453125
0.199219
0.533203
0.070312
0.347656
0.324219
0.210938
0.304688
0.283854
0.253906
0.197917
0.143229
0.235677
0.384115
0.199219
0.851237
0.335938
0.607422
0.414062
0.359375
0.575955
0.492188
0.343750
0.697266
0.527344
0.593750
0.748047
0.394531
0.183594
0.277344
0.159722
0.164062
0.250000
0.766602
0.312500
0.285156
0.121094
0.093750
0.748047
0.351562
0.121094
0.394531
0.740234
0.117187
0.191406
0.285156
0.449219
0.546875
0.191406
0.218750
0.681641
0.414062
0.218750
0.230469
0.398437
0.539062
0.226562
0.582031
0.648438
0.535156
0.617188
0.246094
0.582031
0.460938
0.191406
0.125000
0.207031
0.175781
0.304688
0.429688
0.250000
0.277344
0.691406
0.324219
0.463976
0.296875
0.199219
0.367188
0.783203
0.222656
0.230469
0.304688
0.265625
0.125000
0.234375
0.673828
0.417969
0.710938
0.246094
0.788086
0.734375
0.257812
0.085938
0.164062
0.531250
0.105469
0.132812
0.214844
0.780273
0.250000
0.089844
0.433594
0.148438
0.480469
0.199219
0.214844
0.548828
0.517578
0.362413
0.121094
0.308594
0.417969
0.779297
0.646484
0.703125
0.607422
0.316406
0.628906
0.398437
0.210938
0.460938
0.386719
0.355469
0.533203
0.226562
0.078125
0.265625
0.410156
0.195313
0.296875
0.070312
0.343750
0.539062
0.238281
0.652344
0.671875
0.413194
0.171007
0.242187
0.124132
0.653863
0.353733
0.246094
0.277344
0.646484
0.873047
0.187500
0.585938
0.552734
0.179688
0.246094
0.355469
0.257812
0.160156
0.724609
0.842773
0.207031
0.523438
0.382812
0.750977
0.214844
0.097656
0.226562
0.488281
0.179688
0.277344
0.128906
0.304688
0.532986
0.156250
0.353299
0.132812
0.273438
0.593750
0.610243
0.121962
0.421875
0.316406
0.917480
0.292969
0.335938
0.132812
0.171875
0.183594
0.316406
0.261719
0.308594
0.273438
0.312500
0.308594
0.595703
0.113281
0.728516
0.324219
0.697266
0.441406
0.269531
0.351562
0.203125
0.802734
0.074219
0.697266
0.187500
0.171875
0.191406
0.261719
0.483507
0.343750
0.758789
0.371094
0.343750
0.712891
0.621094
0.460938
0.609375
0.085938
0.414062
0.744141
0.406250
0.795898
0.285156
0.246094
0.296875
0.556641
0.082031
0.210938
0.525391
0.822266
0.121094
0.214844
0.316406
0.238281
0.171875
0.671875
0.634766
0.296875
0.656250
0.089844
0.246094
0.332031
0.472656
0.593750
0.488281
0.429688
0.105469
0.616970
0.269531
0.289062
0.269531
0.250000
0.393663
0.576172
0.253906
0.409288
0.615234
0.343750
0.316406
0.187500
0.791992
0.500000
0.253906
0.689453
0.757812
0.474392
0.253906
0.296875
0.292969
0.332031
0.632812
0.480469
0.160156
0.574219
0.316406
0.230469
0.664062
0.685547
0.328125
0.402344
0.853516
0.460938
0.398437
0.667969
0.097656
0.756836
0.552734
0.625000
0.308594
0.265625
0.500434
0.671875
0.214844
0.802734
0.308594
0.611328
0.476562
0.355469
0.865234
0.599609
0.445313
0.488281
0.230469
0.437500
0.222656
0.773438
0.628906
0.246094
0.591797
0.234375
0.586372
0.464844
0.789062
0.265625
0.289062
0.390625
0.281250
0.718750
0.410156
0.140625
0.533203
0.335938
0.257812
0.093750
0.292969
0.320313
0.390625
0.304688
0.285156
0.797852
0.097656
0.417969
0.214844
0.175781
0.363281
0.277344
0.281250
0.281250
0.093750
0.222656
0.269531
0.363281
0.921875
0.273438
0.195313
0.658203
0.744141
0.266493
0.195313
0.273438
0.673828
0.253906
0.398437
0.541016
0.296875
0.433594
0.529948
0.595703
0.328125
0.769531
0.572266
0.720703
0.392361
0.441406
0.516927
0.451389
0.767795
0.273438
0.641276
0.253906
0.351562
0.226562
0.529297
0.414062
0.554687
0.285156
0.457031
0.394531
0.191406
0.355469
0.457031
0.257812
0.394531
0.292969
0.222656
0.148438
0.296875
0.300781
0.156250
0.269531
0.273438
0.292969
0.273438
0.371094
0.199219
0.175781
0.713325
0.480469
0.105469
0.314670
0.175781
0.328125
0.128906
0.578125
0.710938
0.767578
0.736328
0.355469
0.304688
0.261719
0.754883
0.253906
0.339844
0.402344
0.226562
0.574219
0.402344
0.648438
0.316406
0.599609
0.320313
0.230469
0.738281
0.738281
0.214844
0.378906
0.453125
0.669922
0.335938
0.689453
0.638672
0.750000
0.720703
0.351562
0.136719
0.339844
0.230469
0.289062
0.339844
0.776367
0.417969
0.089844
0.242187
0.453125
0.234375
0.191406
0.768555
0.347656
0.210938
0.398437
0.666016
0.513672
0.324219
0.703125
0.207031
0.507812
0.246094
0.300781
0.771484
0.390625
0.515625
0.691406
0.406250
0.468750
0.335938
0.265625
0.203125
0.708984
0.128906
0.257812
0.398437
0.285156
0.728516
0.752930
0.790039
0.701172
0.367188
0.683594
0.394531
0.285156
0.386719
0.222656
0.250000
0.203125
0.195313
0.335938
0.335938
0.257812
0.312500
0.125000
0.500000
0.528429
0.262587
0.670139
0.144531
0.586589
0.440104
0.436632
0.328125
0.533203
0.222656
0.615234
0.261719
0.782227
0.352431
0.756076
0.469618
0.365451
0.259983
0.184462
0.869900
0.264757
0.798069
0.470920
0.409288
0.210938
0.359375
0.195313
0.273438
0.780490
0.580946
0.491319
0.675781
0.230469
0.484375
0.359375
0.304688
0.613281
0.433594
0.574219
0.187500
0.269531
0.132812
0.437500
0.175781
0.748047
0.394531
0.316406
0.734375
0.257812
0.621094
0.335938
0.500000
0.468750
0.312500
0.734375
0.265625
0.308594
0.414062
0.732422
0.199219
0.695312
0.507812
0.285156
0.525391
0.097656
0.199219
0.273438
0.746094
0.238281
0.144531
0.144531
0.744141
0.179688
0.518229
0.566189
0.226562
0.524306
0.221788
0.816189
0.156250
0.313368
0.770508
0.085938
0.131944
0.210938
0.151476
0.632595
0.524740
0.644748
0.193142
0.093750
0.491753
0.404948
0.716797
0.546441
0.203125
0.218750
0.349392
0.692925
0.206163
0.664931
0.751411
0.682509
0.797852
0.654297
0.705078
0.402344
0.304688
0.207031
0.660156
0.736328
0.457031
0.652344
0.128906
0.273438
0.296875
0.234375
0.117187
0.640625
0.296875
0.253906
0.457031
0.121094
0.128906
0.425781
0.265625
0.398437
0.230469
0.760525
0.223524
0.355469
0.210938
0.281250
0.463976
0.160156
0.230469
0.722656
0.324219
0.210938
0.257812
0.238281
0.171875
0.375000
0.156250
0.339844
0.736328
0.546875
0.289062
0.445313
0.521484
0.669922
0.234375
0.710938
0.289062
0.533203
0.730469
0.578125
0.257812
0.646484
0.260851
0.308594
0.411892
0.429688
0.499566
0.078125
0.358073
0.135851
0.414062
0.261719
0.363281
0.410156
0.109375
0.238281
0.492188
0.390625
0.710503
0.535156
0.509766
0.703125
0.292969
0.296875
0.277344
0.203125
0.335938
0.609375
0.398437
0.332031
0.375000
0.724609
0.089844
0.541016
0.568359
0.844727
0.078125
0.312500
0.539062
0.746094
0.642578
0.535156
0.160156
0.250000
0.218750
0.748047
0.261719
0.394531
0.191406
0.775391
0.214844
0.207031
0.583984
0.476562
0.289062
0.246094
0.140625
0.320313
0.261719
0.697266
0.849609
0.468750
0.421875
0.179688
0.613281
0.625000
0.304688
0.214844
0.351562
0.689453
0.359375
0.207031
0.738281
0.453125
0.527344
0.699219
0.716797
0.476562
0.226562
0.359375
0.652344
0.214844
0.257812
0.546875
0.521484
0.210938
0.324219
0.363281
0.646484
0.335938
0.253906
0.525391
0.257812
0.732422
0.238281
0.292969
0.304688
0.375000
0.669922
0.285156
0.367188
0.417969
0.750977
0.367188
0.238281
0.261719
0.492188
0.261719
0.503906
0.472656
0.695312
0.347656
0.203125
0.736328
0.375000
0.595703
0.529297
0.453125
0.587891
0.328125
0.617188
0.421875
0.476562
0.484375
0.281250
0.671875
0.539062
0.888672
0.308594
0.292969
0.599609
0.535156
0.484375
0.234375
0.218750
0.587891
0.603516
0.226562
0.285156
0.355469
0.261719
0.187500
0.320313
0.605469
0.585938
0.769531
0.296875
0.697266
0.468750
0.230469
0.519531
0.375000
0.564453
0.335938
0.164062
0.316406
0.281250
0.736328
0.560547
0.382812
0.109375
0.320313
0.607205
0.384983
0.755751
0.748481
0.539062
0.469184
0.237413
0.151476
0.807617
0.136719
0.626953
0.195313
0.238281
0.691406
0.654297
0.324219
0.281250
0.191406
0.304688
0.394531
0.865234
0.572266
0.658203
0.281250
0.521484
0.417969
0.720703
0.568359
0.316406
0.265625
0.560547
0.542969
0.551866
0.470920
0.740668
0.238281
0.269531
0.328125
0.267795
0.608507
0.328125
0.705078
0.386719
0.710938
0.328125
0.328125
0.402344
0.167969
0.382812
0.226562
0.558594
0.613281
0.705078
0.726562
0.085938
0.269531
0.764648
0.484375
0.339844
0.105469
0.437500
0.316406
0.261719
0.771484
0.312500
0.261719
0.304688
0.179688
0.402344
0.320313
0.646484
0.238281
0.535156
0.597656
0.893066
0.351562
0.367188
0.261719
0.121094
0.558594
0.308594
0.648438
0.671875
0.113281
0.656250
0.222656
0.218750
0.121094
0.140625
0.214844
0.125000
0.806424
0.398437
0.525391
0.421875
0.492188
0.768121
0.118056
0.671007
0.264757
0.261719
0.203125
0.739149
0.230469
0.710938
0.328125
0.460938
0.246094
0.265625
0.375000
0.234375
0.673828
0.316406
0.339844
0.339844
0.736328
0.359375
0.815430
0.261719
0.078125
0.312500
0.728516
0.521484
0.810547
0.164062
0.273438
0.406250
0.537109
0.272569
0.088976
0.241319
0.226562
0.280382
0.697266
0.308594
0.288194
0.597656
0.343750
0.613281
0.160156
0.433594
0.500000
0.673828
0.281250
0.367188
0.359375
0.718750
0.308594
0.265625
0.390625
0.429688
0.468750
0.509766
0.214844
0.386719
0.378906
0.093750
0.332031
0.414062
0.269531
0.160156
0.815430
0.289062
0.685547
0.671875
0.638672
0.481337
0.226562
0.537109
0.818359
0.628906
0.437500
0.359375
0.296875
0.445313
0.328125
0.082031
0.464844
0.687500
0.203125
0.535156
0.472656
0.425781
0.484375
0.476562
0.339844
0.476562
0.552734
0.304688
0.611328
0.521484
0.509766
0.261719
0.664062
0.304688
0.738281
0.681641
0.347656
0.203125
0.296875
0.273438
0.801758
0.281250
0.664062
0.292969
0.289062
0.707031
0.707031
0.234375
0.646484
0.339844
0.468750
0.312500
0.250000
0.390625
0.289062
0.261719
0.625000
0.261719
0.191406
0.738281
0.320313
0.756836
0.804688
0.324219
0.460938
0.386719
0.226562
0.464844
0.265625
0.406250
0.308594
0.414062
0.351562
0.269531
0.406250
0.712891
0.347656
0.750977
0.195313
0.359375
0.175781
0.390191
0.609375
0.265625
0.570313
0.128906
0.164062
0.529297
0.121094
0.689453
0.675781
0.214844
0.203125
0.390625
0.246094
0.630425
0.342882
0.241319
0.239149
0.125868
0.237413
0.414497
0.300347
0.638672
0.382812
0.429688
0.542969
0.093750
0.132812
0.183594
0.292969
0.320313
0.300781
0.623047
0.187500
0.417969
0.304688
0.257812
0.685547
0.753906
0.636719
0.285156
0.609375
0.289062
0.410156
0.101562
0.218750
0.226997
0.120660
0.113281
0.378906
0.453125
0.085503
0.230903
0.417535
0.347656
0.292969
0.085938
0.089844
0.367188
0.527344
0.214844
0.453125
0.191406
0.296875
0.226562
0.460938
0.257812
0.363281
0.285156
0.226562
0.779297
0.457031
0.703125
0.296875
0.136719
0.132812
0.806641
0.234375
0.505859
0.289062
0.273438
0.265625
0.476562
0.277778
0.650391
0.351562
0.210938
0.300781
0.769531
0.210938
0.758789
0.697266
0.101562
0.410156
0.732422
0.681641
0.821289
0.269531
0.464844
0.712891
0.277344
0.664062
0.480469
0.566406
0.546875
0.218750
0.210938
0.457031
0.453125
0.574219
0.371094
0.382812
0.791016
0.292969
0.261719
0.171875
0.829102
0.453125
0.250000
0.766602
0.230469
0.203125
0.441406
0.710938
0.378906
0.230469
0.300781
0.359375
0.222656
0.367188
0.179688
0.253906
0.753906
0.304688
0.367188
0.772461
0.328125
0.296875
0.603516
0.167969
0.476562
0.406250
0.359809
0.374132
0.105035
0.646050
0.281684
0.233941
0.429253
0.927680
0.355469
0.675781
0.148438
0.226562
0.707031
0.246094
0.804688
0.626953
0.695312
0.140625
0.339844
0.093750
0.109375
0.367188
0.662109
0.343750
0.583984
0.593750
0.363281
0.316406
0.701172
0.183594
0.261719
0.716797
0.523872
0.384115
0.733941
0.066406
0.214844
0.394531
0.495226
0.732639
0.548828
0.429688
0.664062
0.777344
0.269531
0.480469
0.748047
0.164062
0.328125
0.732422
0.480469
0.484375
0.355469
0.136719
0.681641
0.519531
0.464844
0.320313
0.677734
0.285156
0.113281
0.273438
0.230469
0.585938
0.500000
0.355469
0.433594
0.722656
0.257812
0.441406
0.787109
0.441406
0.093750
0.813477
0.339844
0.218750
0.101562
0.343750
0.425781
0.541016
0.300781
0.488281
0.355469
0.460938
0.191406
0.550781
0.433594
0.406250
0.085938
0.390625
0.082031
0.744141
0.496094
0.335938
0.218750
0.591797
0.304688
0.261719
0.718750
0.585938
0.496094
0.277344
0.793945
0.257812
0.468750
0.517578
0.681641
0.312500
0.453125
0.085938
0.562500
0.300781
0.230469
0.375000
0.607422
0.210938
0.382812
0.517578
0.253906
0.386719
0.770508
0.417969
0.841797
0.814453
0.503906
0.335938
0.320313
0.687500
0.214844
0.222656
0.593750
0.351562
0.312500
0.230469
0.585938
0.292969
0.203125
0.691406
0.457031
0.558594
0.351562
0.085938
0.556641
0.867187
0.328125
0.308594
0.597656
0.246094
0.179688
0.701172
0.675781
0.132812
0.093750
0.363281
0.351562
0.125000
0.464844
0.712891
0.707031
0.664062
0.230469
0.406250
0.121094
0.842773
0.391059
0.242187
0.117187
0.770508
0.265625
0.265625
0.265625
0.261719
0.179688
0.621094
0.093750
0.646484
0.339844
0.414062
0.320313
0.691406
0.517578
0.175781
0.257812
0.289062
0.716797
0.829102
0.595703
0.589844
0.671875
0.273438
0.753906
0.191406
0.320313
0.286024
0.285156
0.108941
0.308594
0.290799
0.265625
0.246094
0.234375
0.140625
0.289062
0.242187
0.246094
0.496094
0.375000
0.281250
0.650391
0.222656
0.066406
0.351562
0.636719
0.488281
0.552734
0.585938
0.261719
0.304688
0.289062
0.218750
0.175781
0.261719
0.285156
0.535156
0.594401
0.656250
0.258247
0.518229
0.501302
0.194444
0.391493
0.566623
0.685547
0.355469
0.552734
0.253906
0.410156
0.128906
0.281250
0.304688
0.847656
0.550781
0.533203
0.203125
0.214844
0.623047
0.630859
0.815430
0.152344
0.421875
0.144531
0.140625
0.261719
0.468750
0.125000
0.285156
0.335938
0.222656
0.597656
0.292969
0.199219
0.277344
0.603516
0.253906
0.681641
0.893066
0.433594
0.821289
0.476562
0.250000
0.716797
0.308594
0.226562
0.414062
0.183594
0.351562
0.304688
0.660156
0.316406
0.246094
0.351562
0.320313
0.697266
0.281250
0.273438
0.441406
0.222656
0.277344
0.363281
0.394531
0.552734
0.160156
0.277344
0.277344
0.265625
0.603516
0.361979
0.286024
0.218750
0.422743
0.257812
0.800130
0.238715
0.355469
0.685764
0.431858
0.497830
0.246094
0.254340
0.312066
0.172309
0.066406
0.246094
0.395399
0.536024
0.476562
0.476562
0.681424
0.533637
0.472656
0.527344
0.699219
0.265625
0.320313
0.652344
0.335938
0.273438
0.175781
0.394531
0.366753
0.790039
0.164497
0.711589
0.286458
0.195313
0.322483
0.242622
0.671658
0.195313
0.703559
0.668186
0.296875
0.567491
0.336806
0.672526
0.318576
0.246094
0.300781
0.195313
0.561198
0.335069
0.736545
0.480469
0.207031
0.234375
0.761719
0.320313
0.242187
0.638672
0.355469
0.457031
0.246094
0.285156
0.845703
0.472656
0.835937
0.414062
0.484375
0.566406
0.410156
0.269531
0.710938
0.300781
0.343750
0.148438
0.421875
0.699219
0.160156
0.343750
0.320313
0.257812
0.320313
0.523438
0.517578
0.394531
0.433594
0.359375
0.433594
0.343750
0.257812
0.648438
0.234375
0.176215
0.433594
0.312500
0.113281
0.331163
0.465278
0.288628
0.571398
0.356337
0.261719
0.253906
0.506076
0.243056
0.414062
0.198785
0.584852
0.257812
0.218750
0.277344
0.784180
0.189236
0.672092
0.394965
0.301649
0.440972
0.210938
0.375434
0.316406
0.787977
0.276910
0.431858
0.300347
0.650391
0.085938
0.324219
0.144531
0.375000
0.238281
0.125000
0.780273
0.677734
0.793945
0.755859
0.402344
0.199219
0.515625
0.261719
0.074219
0.695312
0.642578
0.693359
0.402344
0.316406
0.437500
0.144531
0.375000
0.125000
0.697266
0.572266
0.175781
0.623047
0.242187
0.242187
0.183594
0.242187
0.300781
0.293403
0.289062
0.511719
0.289062
0.767578
0.093750
0.515625
0.070312
0.617188
0.285156
0.230469
0.744141
0.806424
0.164062
0.888672
0.390625
0.230469
0.476562
0.441406
0.371094
0.089844
0.650391
0.121094
0.449219
0.269531
0.171875
0.751953
0.421875
0.367188
0.253906
0.331597
0.354601
0.590712
0.179253
0.517578
0.772569
0.312500
0.403212
0.145833
0.253906
0.555339
0.157118
0.713542
0.623264
0.364149
0.517578
0.328559
0.724826
0.374566
0.432726
0.354167
0.758681
0.132378
0.202691
0.559462
0.681858
0.226997
0.214844
0.707031
0.364149
0.218750
0.343750
0.324219
0.734375
0.708984
0.679688
0.261719
0.628906
0.246094
0.246094
0.117187
0.226562
0.515625
0.136719
0.774414
0.460938
0.623047
0.355469
0.378906
0.218750
0.343750
0.328125
0.257812
0.351562
0.371094
0.332031
0.187934
0.728733
0.378906
0.354601
0.443576
0.207465
0.136719
0.626302
0.558594
0.708984
0.281250
0.746094
0.171875
0.183594
0.125000
0.324219
0.410156
0.414062
0.261719
0.082031
0.132812
0.437500
0.720703
0.226562
0.566406
0.650391
0.728516
0.724609
0.101562
0.320313
0.433594
0.697266
0.608290
0.366753
0.074219
0.316406
0.378038
0.070312
0.253472
0.116753
0.343750
0.769531
0.541016
0.210938
0.339844
0.683594
0.078125
0.410156
0.740234
0.339844
0.378906
0.414062
0.710938
0.218750
0.414062
0.382812
0.203125
0.214844
0.109375
0.261719
0.541016
0.558594
0.335938
0.556641
0.277344
0.183594
0.164062
0.759766
0.744141
0.736328
0.281250
0.546875
0.367188
0.791016
0.591797
0.780273
0.548828
0.720703
0.593750
0.654297
0.675781
0.675781
0.320313
0.148438
0.746094
0.782227
0.531250
0.183594
0.171875
0.234375
0.238281
0.589844
0.277344
0.699219
0.250000
0.697266
0.480469
0.273438
0.332031
0.265625
0.238281
0.697266
0.316406
0.312500
0.230469
0.785156
0.339844
0.640625
0.218750
0.269531
0.316406
0.218750
0.097656
0.453125
0.724609
0.187500
0.289062
0.199219
0.078125
0.681641
0.105469
0.265625
0.367188
0.250000
0.203125
0.794922
0.296875
0.210938
0.546875
0.410156
0.570313
0.480469
0.525391
0.817383
0.390625
0.660156
0.312500
0.355469
0.273438
0.523438
0.132812
0.316406
0.658203
0.359375
0.505859
0.774414
0.425781
0.132812
0.460938
0.230469
0.429688
0.363281
0.716797
0.140625
0.320313
0.292969
0.218750
0.679688
0.720703
0.269531
0.144531
0.398437
0.753906
0.207031
0.093750
0.722656
0.623047
0.195313
0.689453
0.774414
0.484375
0.406250
0.425781
0.281250
0.714844
0.669922
0.277344
0.793945
0.242187
0.300781
0.312500
0.250000
0.140625
0.406250
0.529297
0.289062
0.664062
0.371094
0.148438
0.304688
0.203125
0.261719
0.320313
0.770508
0.218750
0.406250
0.850586
0.312500
0.183594
0.827148
0.246094
0.199219
0.156250
0.671875
0.589844
0.445313
0.595703
0.210938
0.574219
0.230469
0.589844
0.736328
0.261719
0.085938
0.253906
0.576172
0.623047
0.343750
0.500000
0.769531
0.296875
0.382812
0.328125
0.488281
0.664062
0.097656
0.207031
0.328125
0.437500
0.603516
0.117187
0.714844
0.167969
0.164062
0.634766
0.724609
0.810547
0.335938
0.285156
0.312500
0.226562
0.394531
0.371094
0.234375
0.671875
0.382812
0.501953
0.525391
0.218750
0.492188
0.523438
0.554687
0.203125
0.300781
0.226562
0.363281
0.218750
0.187500
0.464844
0.308594
0.195313
0.390625
0.175781
0.273438
0.226562
0.496094
0.199219
0.246094
0.632812
0.669922
0.289062
0.685547
0.441406
0.484375
0.732422
0.281250
0.869141
0.277344
0.210938
0.343750
0.304688
0.394531
0.140625
0.320313
0.261719
0.564453
0.703125
0.562500
0.246094
0.656684
0.714844
0.097222
0.340278
0.707031
0.300781
0.651910
0.480469
0.230469
0.788086
0.113281
0.179688
0.265625
0.687500
0.187500
0.406250
0.591797
0.708984
0.560547
0.613281
0.226562
0.207031
0.761719
0.378906
0.744141
0.410156
0.771484
0.806641
0.300781
0.695312
0.296875
0.308594
0.183594
0.273438
0.277344
0.265625
0.821289
0.480469
0.109375
0.140625
0.347656
0.207031
0.503906
0.171875
0.605469
0.406250
0.207031
0.457031
0.199219
0.517578
0.339844
0.277344
0.273438
0.378906
0.591797
0.697266
0.281250
0.179688
0.179688
0.246094
0.568359
0.250000
0.257812
0.265625
0.226562
0.238281
0.128906
0.667969
0.226562
0.183594
0.214844
0.167969
0.257812
0.578125
0.406250
0.109375
0.687500
0.335938
0.261719
0.324219
0.832031
0.328125
0.332031
0.519531
0.480469
0.300781
0.382812
0.273438
0.468750
0.429688
0.371094
0.304688
0.740234
0.328125
0.218750
0.335938
0.320313
0.164062
0.351562
0.277344
0.253906
0.807617
0.335938
0.414062
0.513672
0.359375
0.907227
0.230469
0.320313
0.390625
0.667969
0.445313
0.689453
0.218750
0.656250
0.300781
0.285156
0.359375
0.398437
0.673828
0.304688
0.406250
0.179688
0.402344
0.667969
0.525391
0.386719
0.292969
0.836914
0.578125
0.191406
0.199219
0.292969
0.214844
0.378906
0.519531
0.339844
0.375000
0.070312
0.320313
0.603516
0.642578
0.277344
0.339844
0.644531
0.148438
0.394531
0.312500
0.457031
0.269531
0.831055
0.281250
0.289062
0.503906
0.328125
0.246094
0.207031
0.464844
0.441406
0.304688
0.324219
0.371094
0.484375
0.386719
0.402344
0.505859
0.464844
0.710938
0.732422
0.636719
0.503906
0.269531
0.214844
0.441406
0.421875
0.203125
0.218750
0.410156
0.441406
0.621094
0.292969
0.214844
0.304688
0.328125
0.832031
0.218750
0.780273
0.195313
0.617188
0.656250
0.281250
0.378906
0.675781
0.617188
0.285156
0.234375
0.265625
0.664062
0.328125
0.234375
0.805664
0.722656
0.113281
0.230469
0.257812
0.335938
0.308594
0.398437
0.417969
0.644531
0.218750
0.812500
0.390625
0.210938
0.312500
0.367188
0.718750
0.261719
0.564453
0.242187
0.617188
0.429688
0.893066
0.218750
0.585938
0.261719
0.697266
0.355469
0.167969
0.441406
0.238281
0.289062
0.304688
0.652344
0.328125
0.429688
0.636719
0.269531
0.218750
0.171875
0.429688
0.640625
0.476562
0.578125
0.895020
0.550781
0.591797
0.328125
0.347656
0.445313
0.300781
0.175781
0.795898
0.628906
0.187500
0.332031
0.445313
0.417969
0.269531
0.371094
0.250000
0.445313
0.605469
0.222656
0.414062
0.222656
0.304688
0.296875
0.679688
0.128906
0.613281
0.195313
0.253906
0.671875
0.339844
0.464844
0.316406
0.394531
0.128906
0.156250
0.724609
0.753906
0.238281
0.132812
0.736328
0.703125
0.722656
0.807617
0.359375
0.453125
0.402344
0.304688
0.226562
0.480469
0.160156
0.304688
0.312500
0.214844
0.367188
0.414062
0.324219
0.082031
0.234375
0.844727
0.710938
0.671875
0.308594
0.359375
0.613281
0.347656
0.164062
0.728516
0.246094
0.316406
0.542969
0.414062
0.791992
0.507812
0.367188
0.136719
0.636719
0.097656
0.148438
0.351562
0.398437
0.720703
0.218750
0.320313
0.300781
0.191406
0.253906
0.125000
0.300781
0.441406
0.281250
0.332031
0.277344
0.289062
0.269531
0.144531
0.214844
0.132812
0.339844
0.246094
0.265625
0.316406
0.148438
0.281250
0.300781
0.265625
0.582031
0.453125
0.484375
0.460938
0.218750
0.207031
0.316406
0.492188
0.753906
0.736328
0.748047
0.164062
0.257812
0.742188
0.265625
0.576172
0.640625
0.775391
0.628906
0.277344
0.433594
0.716797
0.093750
0.199219
0.402344
0.214844
0.210938
0.167969
0.677734
0.292969
0.117187
0.285156
0.844727
0.386719
0.164062
0.646484
0.332031
0.226562
0.273438
0.732422
0.132812
0.769531
0.207031
0.253906
0.433594
0.580078
0.265625
0.164062
0.285156
0.105469
0.203125
0.421875
0.152344
0.568359
0.125000
0.230469
0.281250
0.218750
0.744141
0.250000
0.261719
0.371094
0.289062
0.335938
0.515625
0.650391
0.125000
0.234375
0.468750
0.328125
0.277344
0.697266
0.074219
0.421875
0.230469
0.234375
0.537109
0.662109
0.328125
0.507812
0.347656
0.367188
0.660156
0.382812
0.675781
0.453125
0.433594
0.468750
0.406250
0.484375
0.136719
0.748047
0.617188
0.572266
0.289062
0.246094
0.339844
0.335938
0.850586
0.250000
0.378906
0.901855
0.289062
0.823242
0.662109
0.285156
0.433594
0.273438
0.509766
0.285156
0.517578
0.273438
0.289062
0.335938
0.269531
0.712891
0.556641
0.570313
0.316406
0.640625
0.603516
0.685547
0.484375
0.679688
0.210938
0.683594
0.246094
0.693359
0.261719
0.167969
0.347656
0.529297
0.265625
0.281250
0.515625
0.210938
0.519531
0.296875
0.347656
0.441406
0.253906
0.703125
0.324219
0.218750
0.203125
0.304688
0.257812
0.210938
0.312500
0.222656
0.351562
0.679688
0.328125
0.246094
0.382812
0.587891
0.677734
0.238281
0.394531
0.548828
0.281250
0.277344
0.281250
0.453125
0.417969
0.230469
0.666016
0.755859
0.666016
0.492188
0.570313
0.226562
0.681641
0.253906
0.238281
0.292969
0.250000
0.457031
0.414062
0.261719
0.351562
0.281250
0.355469
0.187500
0.195313
0.210938
0.730469
0.230469
0.144531
0.433594
0.660156
0.662109
0.277344
0.793945
0.583984
0.320313
0.187500
0.501953
0.812500
0.457031
0.195313
0.519531
0.257812
0.214844
0.576172
0.281250
0.472656
0.281250
0.292969
0.359375
0.136719
0.675781
0.382812
0.750000
0.375000
0.183594
0.806641
0.587891
0.691406
0.768555
0.292969
0.140625
0.238281
0.226562
0.359375
0.642578
0.558594
0.845703
0.117187
0.175781
0.281250
0.175781
0.230469
0.457031
0.421875
0.359375
0.843750
0.417969
0.359375
0.449219
0.666016
0.687500
0.572266
0.144531
0.308594
0.574219
0.183594
0.238281
0.238281
0.144531
0.230469
0.300781
0.644531
0.164062
0.607422
0.250000
0.210938
0.615234
0.742188
0.644531
0.414062
0.226562
0.568359
0.066406
0.289062
0.468750
0.441406
0.642578
0.324219
0.796875
0.343750
0.402344
0.726562
0.732422
0.501953
0.246094
0.630859
0.724609
0.160156
0.359375
0.564453
0.689453
0.238281
0.911133
0.234375
0.160156
0.296875
0.593750
0.648438
0.691406
0.761719
0.617188
0.222656
0.214844
0.433594
0.222656
0.109375
0.289062
0.656250
0.289062
0.425781
0.841797
0.164062
0.613281
0.819336
0.320313
0.541016
0.304688
0.273438
0.070312
0.707031
0.175781
0.472656
0.593750
0.386719
0.472656
0.513672
0.234375
0.109375
0.269531
0.764648
0.234375
0.214844
0.378906
0.289062
0.548828
0.589844
0.484375
0.517578
0.351562
0.650391
0.234375
0.351562
0.460938
0.296875
0.521484
0.703125
0.457031
0.768555
0.644531
0.683594
0.464844
0.640625
0.779297
0.226562
0.730469
0.304688
0.300781
0.500000
0.347656
0.312500
0.650391
0.693359
0.544922
0.445313
0.257812
0.453125
0.636719
0.623047
0.257812
0.578125
0.191406
0.121094
0.347656
0.756836
0.640625
0.230469
0.632812
0.677734
0.496094
0.289062
0.613281
0.273438
0.230469
0.730469
0.296875
0.758789
0.195313
0.261719
0.242187
0.203125
0.316406
0.636719
0.779297
0.109375
0.492188
0.511719
0.611328
0.421875
0.277344
0.445313
0.523438
0.394531
0.537109
0.425781
0.273438
0.218750
0.066406
0.156250
0.339844
0.289062
0.570313
0.671875
0.281250
0.572266
0.679688
0.207031
0.763672
0.441406
0.332031
0.222656
0.751953
0.414062
0.191406
0.296875
0.257812
0.552734
0.769531
0.591797
0.363281
0.445313
0.164062
0.838867
0.492188
0.218750
0.269531
0.351562
0.203125
0.261719
0.234375
0.699219
0.824219
0.085938
0.699219
0.273438
0.234375
0.148438
0.339844
0.246094
0.375000
0.242187
0.398437
0.916016
0.320313
0.656250
0.320313
0.246094
0.175781
0.449219
0.273438
0.433594
0.611328
0.128906
0.296875
0.175781
0.371094
0.601562
0.210938
0.509766
0.179688
0.636719
0.246094
0.105469
0.835937
0.535156
0.650391
0.527344
0.160156
0.207031
0.289062
0.468750
0.246094
0.390625
0.764648
0.250000
0.195313
0.640625
0.539062
0.316406
0.791016
0.277344
0.265625
0.363281
0.105469
0.097656
0.390625
0.417969
0.736328
0.468750
0.207031
0.292969
0.776367
0.750977
0.222656
0.203125
0.148438
0.285156
0.449219
0.382812
0.187500
0.712891
0.544922
0.250000
0.238281
0.289062
0.421875
0.312500
0.748047
0.537109
0.501953
0.265625
0.183594
0.300781
0.242187
0.421875
0.464844
0.207031
0.712891
0.273438
0.175781
0.714844
0.082031
0.363281
0.156250
0.568359
0.167969
0.242187
0.191406
0.320313
0.591797
0.722656
0.304688
0.375000
0.273438
0.460938
0.242187
0.660156
0.246094
0.714844
0.780273
0.230469
0.580078
0.324219
0.234375
0.363281
0.734375
0.720703
0.718750
0.390625
0.544922
0.187500
0.218750
0.371094
0.289062
0.585938
0.285156
0.179688
0.568359
0.867187
0.136719
0.242187
0.756836
0.476562
0.480469
0.791992
0.564453
0.355469
0.472656
0.654297
0.292969
0.179688
0.507812
0.531250
0.269531
0.195313
0.269531
0.253906
0.226562
0.433594
0.398437
0.607422
0.496094
0.285156
0.751953
0.253906
0.082031
0.390625
0.605469
0.515625
0.716797
0.210938
0.300781
0.390625
0.277344
0.746094
0.226562
0.724609
0.662109
0.199219
0.843750
0.667969
0.179688
0.347656
0.312500
0.414062
0.827148
0.464844
0.378906
0.300781
0.261719
0.884277
0.238281
0.552734
0.253906
0.347656
0.371094
0.207031
0.285156
0.320313
0.689453
0.756836
0.375000
0.199219
0.390625
0.903320
0.191406
0.164062
0.289062
0.433594
0.492188
0.689453
0.764648
0.121094
0.677734
0.617188
0.636719
0.529297
0.089844
0.171875
0.160156
0.621094
0.347656
0.623047
0.210938
0.650391
0.813477
0.714844
0.335938
0.535156
0.296875
0.195313
0.234375
0.277344
0.246094
0.724609
0.648438
0.712891